1 2
2 3
3 4
4 5
4 22
4 23
6 7
7 8
8 9
9 10
10 11
11 12
12 14
12 15
12 70
13 14
15 16
15 18
15 19
16 17
17 2771
19 20
19 117
19 118
20 21
21 135
21 136
23 24
24 25
25 26
25 83
26 27
26 69
27 28
27 67
28 29
29 30
30 31
31 32
31 93
32 33
33 34
34 35
35 36
36 37
37 38
38 39
38 296
38 429
39 40
40 41
41 435
42 43
42 443
43 44
43 435
43 595
44 45
45 46
45 596
45 597
46 47
47 48
48 49
49 50
50 51
51 52
52 53
53 54
53 623
53 641
54 55
55 56
56 57
57 58
58 59
59 60
60 61
62 63
63 64
63 68
64 65
65 66
66 70
66 71
68 69
70 73
71 72
73 74
74 75
75 76
75 79
76 77
77 78
79 80
81 82
82 83
82 98
83 84
84 85
84 93
84 94
85 86
86 87
86 296
86 297
87 88
88 89
89 90
90 91
91 92
94 95
95 96
95 101
95 298
95 299
96 97
96 309
96 392
97 339
97 347
98 99
99 100
99 116
100 101
102 103
103 104
104 105
105 106
106 310
107 108
108 109
109 110
110 111
112 113
112 116
113 114
114 115
115 299
115 300
118 119
119 120
119 2778
120 121
120 147
120 148
121 122
122 123
122 240
123 124
123 233
124 125
125 126
125 249
125 2773
126 127
126 241
127 128
127 463
127 2775
128 463
128 464
129 130
130 131
131 132
131 2764
131 2777
132 133
132 2767
133 134
133 224
134 135
134 139
134 140
135 143
136 137
137 239
137 286
138 139
140 141
141 142
141 221
142 216
142 217
143 144
144 145
144 222
144 223
145 146
145 2778
146 147
146 232
146 2778
147 233
147 229
148 149
149 150
150 151
151 152
152 153
152 245
152 417
153 154
154 159
154 160
155 156
155 286
155 415
156 157
157 158
158 159
160 161
161 162
161 257
161 258
162 163
163 164
164 165
165 166
166 167
166 450
167 168
168 169
169 170
170 171
170 452
171 172
171 180
172 173
173 174
174 175
176 177
176 586
176 652
177 178
178 179
179 181
179 182
180 181
181 207
182 183
183 184
184 185
185 1047
186 187
186 653
186 654
187 188
187 196
188 189
188 190
190 191
191 192
192 193
192 200
193 194
193 205
194 195
196 197
197 198
198 199
199 202
199 200
200 201
202 1047
202 1048
203 204
204 205
206 207
206 212
208 209
209 210
209 439
210 211
210 434
211 212
212 213
212 434
213 214
213 433
215 216
216 225
217 218
217 219
219 220
220 221
221 222
221 232
224 225
226 227
227 228
228 229
229 232
229 233
230 231
231 232
233 234
233 236
234 248
234 249
235 236
237 238
238 239
238 414
239 2771
239 286
240 241
241 242
241 245
242 243
242 252
243 244
243 259
245 246
246 247
247 256
247 255
249 250
249 2772
250 251
251 462
252 253
253 254
253 260
254 255
255 257
257 258
257 262
258 263
260 456
261 262
263 264
264 265
264 450
264 451
265 266
265 456
266 267
266 645
267 268
268 269
269 270
269 650
270 271
270 468
271 272
272 273
272 584
272 585
273 274
274 275
274 663
275 276
275 659
275 664
275 665
276 277
277 278
277 665
277 2735
278 279
279 280
279 880
280 281
280 876
281 282
282 283
282 675
282 695
282 872
283 284
283 807
283 835
284 285
285 1190
286 287
287 288
288 289
289 290
289 415
291 292
292 293
293 294
294 295
295 296
296 588
297 298
298 392
300 301
300 308
300 309
301 302
301 314
301 315
302 303
302 311
303 312
304 305
305 306
305 312
306 307
307 308
309 325
309 336
310 311
313 314
315 316
315 324
315 325
316 317
316 318
318 319
318 329
318 330
319 320
320 321
321 322
321 352
322 323
323 374
323 371
325 335
326 327
326 331
326 336
327 328
327 332
328 329
328 333
329 334
335 336
335 343
336 337
337 338
338 339
338 347
339 340
339 389
340 341
340 408
340 370
341 342
343 344
344 345
346 347
348 349
349 350
350 351
350 352
353 354
355 356
356 357
357 358
358 359
358 362
360 361
361 362
361 363
362 364
362 365
366 367
367 368
368 369
368 389
369 370
370 371
371 372
371 375
372 373
373 934
375 376
376 377
377 378
378 379
378 918
379 380
379 923
379 1905
380 381
380 910
381 382
382 383
382 1122
384 385
384 1120
385 1119
386 387
387 388
387 405
389 409
390 391
392 393
392 405
393 394
393 400
394 395
395 396
395 616
396 397
397 403
397 404
398 399
398 606
400 401
400 405
401 402
402 403
406 407
407 408
410 411
411 412
412 413
414 415
415 416
415 418
416 417
416 420
416 421
418 419
421 422
423 424
424 425
424 427
425 426
427 428
429 430
430 431
431 432
432 433
432 437
433 434
433 435
434 440
435 444
436 437
437 438
438 439
438 442
439 440
439 441
444 445
445 446
446 447
446 631
446 636
447 448
447 640
448 449
448 644
451 452
451 454
452 453
454 455
456 471
457 458
459 460
460 461
462 463
462 502
464 465
465 466
465 469
466 467
467 468
468 478
469 470
470 471
471 480
472 473
473 474
473 475
476 477
479 480
481 482
481 525
481 526
482 483
482 485
483 484
483 493
485 486
486 487
488 489
489 523
489 524
490 491
490 524
490 525
492 493
493 502
494 495
495 496
496 497
496 519
497 498
497 502
498 499
499 500
500 501
503 504
504 505
505 547
505 518
505 568
506 507
507 508
507 516
509 510
510 511
511 512
512 513
513 556
513 550
514 515
515 516
516 517
517 518
517 555
517 556
518 548
520 521
522 523
522 2745
527 528
528 531
528 532
529 530
529 544
529 545
532 533
533 536
533 537
534 535
535 536
536 539
537 538
539 540
540 541
541 542
541 560
541 562
542 543
545 546
546 547
549 550
550 557
551 552
552 553
553 554
553 558
553 583
554 580
554 581
557 558
558 559
558 568
560 561
561 570
561 571
562 563
562 565
563 564
565 566
566 567
568 570
569 570
571 572
571 577
572 573
574 575
575 576
575 577
577 578
578 579
581 582
583 584
583 587
585 586
586 651
588 589
589 590
590 591
591 592
592 593
593 594
593 599
597 598
598 601
598 602
599 600
599 601
602 603
604 605
606 607
606 610
607 608
608 609
610 611
611 612
612 613
612 615
613 614
616 617
617 618
619 620
620 636
620 637
621 622
622 623
623 624
623 640
624 625
625 626
626 1087
627 628
628 629
629 630
630 631
630 643
631 632
632 633
633 634
633 635
634 1054
634 1047
635 1055
635 1056
637 638
638 639
640 643
641 642
642 1121
644 1057
644 1058
645 646
646 647
646 650
646 649
648 649
649 650
650 651
652 653
653 659
654 888
655 656
657 658
658 659
659 660
660 661
660 2735
661 662
662 2735
662 2733
665 666
665 677
666 667
666 671
666 672
667 668
668 669
669 670
670 697
670 693
672 673
672 676
673 674
673 682
674 675
676 2734
678 679
678 680
678 685
681 682
682 683
683 684
684 685
685 686
687 688
688 689
689 690
689 691
691 692
693 694
693 698
693 706
694 695
694 800
696 697
697 705
698 699
698 713
698 714
699 700
700 701
700 800
701 702
702 703
704 705
705 706
705 732
706 707
708 709
708 785
708 2744
709 710
710 711
711 712
715 716
717 718
719 720
720 721
721 722
722 723
722 724
725 726
726 727
726 729
727 728
727 730
731 732
732 733
732 735
732 761
734 735
735 736
737 738
738 739
740 741
742 743
743 744
744 745
745 746
746 747
747 748
748 749
748 761
749 750
749 762
750 751
750 760
752 753
752 755
752 756
753 754
754 2762
756 757
757 758
758 759
758 2758
761 2744
762 763
763 764
764 765
764 766
766 767
767 768
769 770
770 1157
770 1152
771 772
772 773
774 775
775 776
775 777
777 778
778 779
779 780
780 781
781 782
781 784
782 783
782 795
782 796
784 785
786 787
787 788
789 790
790 791
791 792
793 794
797 798
798 799
799 2743
800 802
801 802
802 803
802 805
803 804
803 806
805 806
806 807
807 808
808 809
809 810
811 812
813 814
815 816
816 817
818 819
820 821
821 825
821 826
822 823
823 824
826 827
826 2749
827 828
829 830
829 868
829 856
829 2730
830 831
831 832
832 833
833 834
833 837
833 838
835 836
836 837
837 849
838 839
838 840
840 841
841 842
841 1188
841 849
842 843
843 844
845 846
846 847
847 848
847 850
848 849
849 1189
849 1195
849 2743
851 852
852 853
853 854
854 855
854 858
855 856
856 857
856 2749
859 860
860 861
861 862
862 863
863 864
863 871
864 865
865 866
865 868
865 2728
867 868
868 869
869 870
872 873
873 874
874 875
874 880
875 887
876 877
876 879
876 880
877 878
880 881
881 882
881 883
881 884
885 886
886 887
887 2732
888 889
888 2732
888 2733
890 891
891 892
892 893
892 896
892 904
894 895
895 896
896 897
897 898
897 904
898 899
899 900
900 901
901 902
901 903
904 905
905 906
905 909
906 907
906 1073
906 1243
907 908
910 911
912 913
913 914
914 915
915 916
916 917
916 927
916 919
917 940
917 921
918 919
919 920
921 922
921 941
922 923
924 925
925 926
926 927
927 928
928 929
928 938
929 930
929 936
931 932
932 933
934 935
936 937
938 939
939 940
942 943
943 945
943 946
944 945
945 954
946 947
947 948
947 949
949 950
949 962
951 952
952 953
953 954
954 955
955 956
955 977
956 957
957 958
957 1004
958 959
958 1005
959 960
959 1341
959 1342
960 961
960 1343
960 1344
962 963
963 964
964 965
964 975
964 976
965 966
966 967
967 968
968 969
969 970
970 998
970 999
970 1321
970 1331
971 972
972 973
973 974
974 975
976 977
976 982
977 983
978 979
979 980
981 982
982 985
983 984
983 993
984 985
984 994
985 986
986 987
987 988
988 989
989 990
991 992
992 993
993 995
996 997
997 998
998 999
998 1001
999 1000
999 1025
1002 1003
1003 1004
1004 1333
1004 1334
1005 1006
1006 1007
1006 1328
1007 1008
1007 1362
1008 1009
1009 1351
1009 1352
1010 1011
1011 1012
1011 1020
1012 1013
1013 1014
1014 1015
1015 1016
1016 1017
1018 1019
1019 1020
1021 1022
1021 1109
1021 1110
1022 1023
1022 1104
1022 1105
1023 1024
1026 1027
1027 1028
1027 1030
1028 1029
1030 1031
1030 1315
1031 1032
1032 1033
1032 1314
1033 1034
1033 1414
1034 1035
1034 1397
1035 1036
1035 1413
1035 1414
1036 1037
1037 1038
1037 1418
1038 1039
1038 1449
1039 1040
1039 1440
1040 1041
1040 1841
1041 1042
1041 2736
1042 1043
1043 1044
1044 1045
1045 1046
1045 1848
1046 1858
1046 1845
1047 1061
1048 1049
1048 1055
1049 1050
1049 1056
1050 1051
1051 1052
1052 1053
1052 1067
1054 1055
1054 1062
1056 1057
1058 1059
1059 1060
1063 1064
1065 1066
1067 1068
1068 1069
1068 1091
1069 1070
1070 1071
1070 1246
1071 1072
1072 1073
1074 1075
1074 1097
1076 1077
1077 1078
1078 1079
1079 1080
1081 1082
1082 1083
1082 1092
1082 1093
1083 1084
1084 1085
1085 1086
1085 1269
1085 1108
1087 1088
1088 1089
1088 1091
1088 1092
1089 1090
1090 1246
1090 1271
1093 1094
1094 1096
1094 1106
1095 1096
1097 1098
1098 1099
1099 1100
1099 1112
1101 1102
1102 1103
1103 1126
1104 1115
1106 1107
1106 1109
1107 1108
1108 1270
1110 1111
1112 1113
1114 1115
1115 1116
1117 1118
1118 1119
1118 1120
1122 1123
1123 1124
1124 1125
1124 1127
1128 1129
1129 1130
1130 1131
1131 1132
1133 1134
1134 1135
1135 1136
1136 1137
1137 1138
1138 1139
1139 1140
1139 1939
1140 1141
1140 1142
1140 1143
1144 1145
1145 1146
1146 1147
1147 1148
1147 1151
1148 1149
1149 1150
1150 1161
1151 1152
1151 1163
1151 1164
1152 1153
1152 1158
1153 1154
1154 1155
1155 1156
1158 1159
1159 1160
1160 1161
1160 1162
1160 1164
1165 1166
1166 1167
1167 1168
1167 1178
1168 1169
1169 1198
1169 1199
1170 1171
1171 1172
1172 1173
1173 1174
1175 1176
1175 1910
1175 1920
1176 1177
1178 1179
1179 1215
1179 1216
1180 1181
1182 1183
1183 1184
1185 1186
1186 1187
1187 1188
1187 2750
1188 1192
1188 1193
1189 1190
1190 1191
1192 2750
1192 2751
1193 1194
1195 1196
1196 1197
1197 1198
1199 1200
1199 2754
1201 1202
1202 1203
1202 1204
1203 1207
1204 1205
1205 1218
1205 1219
1206 1207
1208 1209
1209 1210
1210 1211
1211 1211
1211 1220
1212 1213
1213 1214
1214 1981
1214 1982
1216 1217
1217 1218
1218 1971
1220 1221
1220 1825
1220 1835
1221 1222
1222 1223
1223 2741
1224 1225
1225 1230
1226 1227
1227 1228
1227 2740
1227 2742
1228 1229
1230 1231
1231 1232
1232 1233
1232 1237
1234 1235
1234 2731
1235 1236
1237 1238
1237 1257
1238 1239
1239 1240
1240 1241
1241 1242
1242 1243
1243 1244
1243 1247
1244 1245
1244 1261
1245 1246
1247 1248
1247 1258
1247 1261
1248 1249
1248 1262
1249 1250
1249 1264
1249 2738
1250 1251
1250 1266
1250 1281
1251 1252
1251 1279
1251 1268
1252 1253
1253 1290
1254 1255
1255 1256
1255 1281
1255 1288
1257 1258
1257 2738
1258 1259
1259 1260
1261 1262
1263 1264
1264 1265
1264 1269
1265 1266
1266 1267
1267 1268
1267 1276
1268 1276
1268 1280
1269 1271
1269 1272
1270 1273
1272 1273
1273 1274
1273 1276
1274 1275
1275 1309
1275 1310
1276 1277
1277 1278
1281 1283
1282 1283
1283 1284
1284 1285
1285 1286
1285 1292
1285 1293
1285 1299
1286 1287
1286 1300
1288 1289
1290 1291
1291 1292
1293 1294
1295 1296
1296 1297
1297 1298
1298 1299
1299 1300
1300 1301
1301 1302
1301 1824
1301 1830
1301 1838
1302 1303
1303 1304
1304 1305
1305 1306
1305 1819
1306 1307
1306 1820
1307 1780
1307 1786
1308 1309
1310 1311
1311 1312
1313 1314
1314 1396
1315 1316
1317 1318
1318 1319
1319 1320
1319 1395
1320 1321
1321 1322
1322 1323
1322 1329
1323 1324
1323 1379
1325 1326
1326 1327
1327 1328
1328 1332
1329 1330
1329 1331
1329 1332
1332 1333
1335 1336
1336 1337
1338 1339
1339 1340
1340 1341
1344 1345
1345 1346
1346 1347
1346 1363
1347 1348
1347 1366
1349 1350
1350 1351
1350 1470
1352 1353
1354 1355
1355 1356
1356 1357
1357 1358
1357 1416
1357 1417
1358 1359
1360 1361
1363 1364
1364 1365
1366 1367
1367 1484
1368 1369
1369 1370
1370 1371
1370 1372
1370 1373
1373 1374
1373 1375
1376 1377
1377 1378
1379 1380
1380 1381
1380 1382
1380 1383
1383 1384
1385 1386
1387 1388
1388 1389
1389 1390
1390 1391
1390 1392
1393 1394
1396 1397
1398 1399
1400 1401
1401 1402
1402 1403
1403 1404
1404 1405
1405 1406
1406 1407
1408 1409
1409 1410
1410 1411
1410 1412
1412 1413
1413 1433
1414 1415
1414 1420
1415 1416
1418 1419
1419 1420
1420 1421
1420 1436
1421 1422
1423 1424
1424 1425
1426 1427
1427 1428
1429 1430
1430 1431
1432 1433
1432 1434
1432 1435
1436 1437
1436 1449
1436 1450
1437 1438
1437 1446
1437 1447
1438 1439
1438 1455
1438 1456
1440 1441
1440 1444
1441 1442
1442 1443
1442 1465
1444 1445
1445 1446
1447 1448
1449 1457
1451 1452
1452 1453
1454 1455
1457 1458
1459 1460
1460 1461
1460 1463
1460 1464
1461 1462
1465 1466
1466 1467
1468 1469
1469 1470
1470 1477
1471 1472
1472 1473
1472 1482
1472 1483
1473 1474
1473 1499
1474 1475
1475 1476
1475 1498
1476 1495
1476 1496
1477 1478
1478 1479
1479 1480
1480 1481
1484 1485
1484 1486
1486 1487
1487 1488
1488 1489
1489 1490
1490 1493
1490 1494
1491 1492
1492 1493
1492 1509
1493 1734
1494 1495
1496 1497
1496 2737
1497 1748
1500 1501
1500 1854
1501 1502
1503 1504
1504 1505
1505 1506
1506 1507
1507 1508
1508 1509
1508 1517
1510 1511
1511 1512
1512 1513
1513 1514
1514 1515
1515 1516
1516 1517
1518 1519
1519 1520
1520 1521
1521 1522
1521 1556
1522 1523
1523 1524
1523 1535
1524 1525
1525 1526
1526 1527
1527 1528
1527 1540
1528 1529
1529 1530
1530 1531
1531 1532
1532 1607
1532 1608
1533 1534
1535 1536
1536 1537
1537 1538
1537 1561
1538 1539
1539 1564
1539 1569
1540 1541
1540 1575
1541 1542
1542 1543
1542 1552
1542 1553
1544 1545
1545 1546
1545 1551
1545 1552
1546 1547
1548 1549
1549 1550
1552 1554
1552 1555
1556 1557
1557 1558
1559 1560
1560 1561
1561 1562
1562 1563
1563 1564
1563 1576
1564 1568
1565 1566
1566 1567
1569 1570
1570 1571
1570 1578
1570 1579
1572 1573
1573 1574
1576 1577
1579 1580
1580 1581
1581 1582
1582 1583
1582 1589
1584 1585
1585 1586
1586 1587
1587 1588
1588 1722
1589 1590
1590 1591
1591 1592
1592 1593
1593 1594
1593 1605
1594 1595
1595 1599
1596 1597
1597 1598
1599 1600
1600 1601
1602 1603
1603 1604
1604 1605
1605 1606
1605 1633
1606 1607
1606 1610
1608 1609
1610 1611
1611 1612
1612 1613
1613 1614
1614 1665
1615 1616
1616 1617
1617 1618
1618 1619
1619 1620
1620 1621
1620 1625
1622 1623
1623 1624
1624 1628
1624 1629
1624 1631
1625 1626
1625 1628
1626 1627
1628 1632
1629 1630
1633 1634
1635 1636
1636 1637
1638 1639
1639 1640
1640 1641
1641 1642
1642 1643
1642 1644
1642 1659
1645 1646
1646 1647
1647 1648
1648 1649
1648 1670
1648 1699
1649 1650
1649 1664
1650 1651
1650 1653
1650 1654
1652 1653
1654 1655
1655 1656
1656 1657
1657 1658
1658 1659
1660 1661
1662 1663
1665 1666
1666 1667
1666 1727
1667 1668
1668 1669
1669 1670
1669 1673
1671 1672
1673 1674
1674 1675
1675 1676
1677 1678
1678 1679
1679 1734
1679 1735
1680 1681
1681 1682
1682 1683
1684 1685
1685 1686
1685 1687
1688 1689
1689 1690
1689 1694
1690 1691
1691 1692
1692 1693
1692 2784
1694 1695
1695 1696
1695 1700
1696 1697
1696 1716
1697 1698
1698 1699
1700 1701
1700 1702
1701 1711
1702 1703
1703 1704
1703 1708
1704 1705
1704 2125
1706 1707
1708 1709
1709 1710
1710 2126
1711 1712
1712 1713
1713 1714
1713 2160
1714 1715
1717 1718
1718 1719
1718 1726
1719 1720
1720 1721
1722 1723
1724 1725
1727 1728
1727 1729
1729 1730
1729 1733
1730 1731
1731 1732
1734 1738
1735 1736
1736 1737
1738 1739
1739 1746
1739 1747
1740 1741
1741 1742
1743 1744
1743 2285
1744 1745
1744 2287
1745 1746
1746 1884
1746 2287
1747 1748
1747 1883
1747 1875
1748 1749
1749 1750
1750 1751
1750 1872
1751 1752
1752 1753
1753 1754
1754 1755
1755 1756
1755 1801
1756 1757
1757 1758
1758 1759
1759 1760
1759 2009
1760 1761
1761 1762
1762 1763
1763 1764
1763 1765
1763 1766
1763 1767
1767 1768
1769 1770
1769 1773
1770 1771
1771 1772
1772 1775
1772 1776
1773 1774
1776 1777
1776 1792
1777 1778
1777 1793
1778 1779
1778 1796
1778 1969
1779 1780
1780 1781
1780 1785
1782 1783
1783 1784
1783 1991
1783 1992
1784 1785
1786 1787
1787 1788
1788 1789
1788 1796
1789 1790
1789 1794
1789 1797
1789 1800
1791 1792
1791 1799
1793 1794
1794 1796
1794 1797
1795 1796
1797 1798
1798 1799
1798 1801
1800 1823
1801 1802
1801 1806
1802 1803
1802 1805
1803 1804
1803 1996
1805 1806
1805 1815
1806 1807
1807 1808
1808 1809
1808 1811
1809 1810
1809 1856
1812 1813
1813 1814
1816 1817
1818 1819
1819 1820
1820 1821
1821 1822
1822 1823
1822 1868
1825 1826
1826 1827
1826 1833
1827 1828
1828 1829
1829 1830
1831 1832
1832 1833
1833 1834
1835 1836
1836 1837
1836 1983
1838 1839
1839 1840
1839 1843
1840 1841
1840 1842
1840 1843
1843 1844
1843 1846
1844 1845
1845 1859
1846 1847
1847 1848
1849 1850
1850 1851
1851 1852
1852 1853
1852 1854
1852 2737
1854 2736
1855 1856
1855 2737
1857 1858
1859 1860
1859 1868
1860 1861
1861 1862
1862 1863
1864 1865
1865 1866
1866 1867
1869 1870
1870 1871
1872 1873
1873 1874
1874 1875
1874 1881
1874 1882
1875 1876
1877 1878
1878 1879
1880 1881
1880 1885
1880 1886
1884 1885
1886 1887
1886 1889
1887 1888
1888 2083
1889 1890
1891 1892
1892 1893
1892 2070
1893 1894
1893 2073
1894 1895
1895 1896
1896 1897
1897 1898
1898 1899
1899 1900
1899 2092
1899 2097
1900 1901
1901 1902
1901 2096
1901 2097
1902 1903
1903 1904
1904 2289
1904 2292
1904 2293
1906 1907
1907 1908
1908 1909
1909 1910
1909 1911
1910 1919
1911 1912
1911 1913
1913 1914
1914 2755
1915 1916
1916 1917
1916 1936
1916 1937
1918 1919
1920 1921
1920 1922
1922 1923
1922 1934
1923 1924
1923 1933
1924 1925
1925 1926
1926 1927
1926 1928
1928 1929
1929 1930
1930 1931
1932 1933
1934 1935
1935 1936
1938 1939
1939 1941
1940 1941
1941 1942
1942 1943
1944 1945
1945 1946
1945 1952
1945 1953
1946 1947
1946 1951
1947 1948
1947 1949
1947 1950
1953 1954
1954 1955
1956 1957
1957 1958
1958 1959
1959 1960
1960 1961
1961 1962
1961 1963
1964 1965
1966 1967
1967 1968
1970 1971
1971 1972
1971 1975
1972 1973
1972 1975
1972 1976
1973 1974
1973 1977
1974 1988
1975 1984
1977 1978
1978 1979
1979 1980
1980 1981
1980 1983
1985 1986
1986 1987
1987 1988
1988 1989
1988 1994
1989 1990
1992 1993
1994 1995
1997 1998
1998 1999
2000 2001
2001 2002
2002 2003
2002 2069
2003 2004
2004 2005
2005 2006
2006 2007
2007 2008
2008 2009
2008 2010
2009 2022
2010 2011
2010 2031
2010 2032
2012 2013
2013 2014
2014 2015
2014 2039
2015 2016
2016 2018
2016 2019
2017 2018
2019 2020
2019 2043
2019 2044
2020 2021
2020 2043
2021 2049
2022 2023
2022 2033
2022 2082
2023 2024
2023 2026
2024 2025
2024 2405
2024 2619
2026 2027
2027 2028
2027 2029
2028 2035
2028 2036
2029 2030
2029 2054
2030 2405
2030 2313
2032 2033
2033 2034
2033 2035
2035 2037
2035 2038
2036 2040
2036 2041
2039 2040
2039 2042
2042 2043
2043 2081
2045 2046
2046 2047
2046 2049
2047 2048
2047 2058
2050 2051
2051 2052
2051 2056
2052 2053
2052 2085
2052 2091
2053 2087
2053 2088
2053 2089
2054 2055
2056 2057
2057 2062
2058 2059
2058 2063
2059 2060
2060 2061
2061 2065
2061 2066
2064 2065
2066 2067
2067 2068
2068 2084
2068 2085
2069 2070
2069 2075
2070 2071
2070 2074
2071 2072
2075 2076
2075 2080
2076 2077
2078 2079
2082 2403
2083 2084
2085 2086
2086 2087
2087 2093
2088 2093
2088 2094
2089 2090
2091 2094
2094 2095
2095 2099
2095 2310
2097 2098
2098 2099
2098 2301
2099 2100
2100 2101
2100 2333
2101 2102
2101 2332
2102 2103
2102 2334
2103 2104
2103 2343
2103 2335
2104 2105
2104 2309
2105 2417
2106 2107
2107 2108
2108 2109
2110 2111
2112 2113
2113 2114
2113 2779
2114 2124
2114 2125
2115 2116
2115 2127
2115 2785
2116 2117
2116 2128
2118 2119
2119 2120
2120 2121
2121 2122
2121 2123
2121 2133
2122 2139
2126 2143
2127 2128
2129 2130
2131 2132
2132 2133
2134 2135
2135 2136
2136 2137
2136 2138
2137 2140
2137 2141
2141 2142
2142 2143
2143 2146
2143 2152
2143 2153
2143 2173
2144 2145
2146 2147
2147 2148
2148 2149
2149 2150
2150 2151
2153 2154
2154 2155
2155 2156
2156 2157
2156 2184
2157 2158
2157 2189
2158 2159
2159 2185
2160 2161
2160 2164
2160 2165
2161 2162
2162 2163
2162 2179
2166 2167
2167 2168
2169 2170
2171 2172
2174 2175
2175 2176
2175 2177
2178 2179
2180 2181
2182 2183
2183 2188
2184 2185
2185 2186
2186 2187
2187 2217
2187 2218
2190 2191
2191 2192
2192 2193
2193 2194
2195 2196
2196 2197
2197 2198
2199 2200
2200 2201
2202 2203
2204 2205
2204 2209
2204 2210
2204 2246
2205 2206
2207 2208
2208 2209
2210 2211
2210 2215
2211 2212
2211 2247
2212 2213
2212 2249
2213 2214
2215 2216
2218 2219
2219 2220
2219 2223
2219 2227
2220 2221
2221 2222
2223 2224
2225 2226
2228 2229
2228 2239
2228 2243
2229 2230
2230 2231
2232 2233
2233 2234
2234 2235
2234 2238
2235 2236
2236 2237
2238 2239
2240 2241
2241 2242
2243 2244
2244 2245
2247 2248
2248 2249
2248 2250
2250 2251
2251 2274
2251 2275
2251 2371
2252 2253
2254 2255
2255 2256
2256 2257
2257 2269
2257 2271
2258 2259
2259 2260
2261 2262
2262 2263
2263 2264
2263 2265
2265 2266
2265 2269
2266 2267
2267 2268
2268 2292
2268 2304
2268 2291
2269 2270
2271 2272
2273 2274
2274 2368
2275 2276
2275 2317
2276 2277
2277 2278
2277 2279
2278 2279
2279 2280
2279 2293
2280 2281
2280 2294
2281 2282
2282 2283
2283 2284
2284 2285
2285 2286
2286 2287
2286 2288
2287 2299
2288 2289
2288 2296
2288 2297
2290 2291
2291 2292
2291 2303
2292 2301
2294 2295
2295 2296
2297 2298
2300 2301
2301 2302
2302 2303
2302 2306
2303 2306
2304 2305
2304 2318
2306 2307
2306 2327
2307 2308
2308 2309
2310 2311
2311 2312
2312 2313
2313 2314
2315 2316
2316 2317
2316 2372
2316 2362
2317 2318
2318 2319
2319 2320
2319 2324
2320 2321
2321 2322
2321 2323
2321 2331
2321 2327
2322 2331
2323 2324
2324 2325
2324 2358
2325 2326
2325 2358
2325 2359
2326 2362
2326 2373
2327 2328
2329 2330
2330 2331
2330 2347
2330 2357
2333 2334
2334 2335
2335 2336
2336 2337
2337 2338
2338 2339
2340 2341
2341 2342
2342 2408
2343 2344
2344 2345
2344 2620
2345 2346
2345 2621
2346 2347
2347 2348
2347 2623
2348 2349
2349 2350
2349 2360
2350 2351
2350 2437
2351 2352
2351 2448
2351 2624
2352 2353
2352 2446
2353 2354
2354 2355
2354 2379
2354 2382
2355 2356
2355 2380
2356 2378
2357 2358
2359 2360
2359 2624
2360 2624
2361 2362
2362 2363
2363 2364
2363 2377
2363 2378
2364 2381
2364 2468
2365 2366
2367 2368
2368 2369
2368 2374
2369 2370
2371 2372
2375 2376
2376 2377
2377 2402
2378 2380
2378 2381
2379 2380
2379 2472
2381 2467
2381 2470
2382 2383
2382 2392
2382 2431
2382 2447
2382 2395
2383 2384
2383 2396
2383 2430
2384 2385
2384 2428
2384 2397
2385 2386
2385 2390
2386 2387
2386 2390
2386 2628
2387 2388
2387 2428
2388 2389
2388 2391
2388 2454
2389 2670
2389 2671
2390 2391
2391 2401
2392 2393
2392 2394
2392 2395
2395 2396
2395 2467
2396 2397
2396 2464
2397 2398
2397 2461
2398 2399
2398 2691
2398 2461
2399 2400
2400 2401
2401 2453
2403 2404
2403 2407
2406 2407
2408 2409
2409 2410
2409 2411
2409 2412
2410 2442
2410 2443
2410 2586
2412 2413
2413 2414
2415 2416
2416 2417
2417 2418
2418 2419
2419 2420
2419 2439
2419 2440
2420 2421
2421 2422
2421 2460
2422 2423
2422 2459
2423 2424
2423 2608
2423 2609
2424 2425
2424 2488
2424 2576
2425 2426
2425 2577
2426 2427
2428 2429
2428 2430
2429 2629
2429 2630
2430 2431
2430 2432
2431 2444
2432 2433
2433 2434
2434 2435
2434 2448
2435 2436
2435 2458
2435 2630
2435 2450
2436 2437
2437 2438
2437 2450
2437 2460
2437 2622
2438 2439
2438 2621
2439 2620
2440 2441
2441 2442
2443 2473
2443 2474
2444 2445
2445 2446
2445 2447
2446 2448
2448 2449
2449 2450
2451 2452
2452 2453
2452 2469
2452 2462
2453 2466
2453 2461
2454 2455
2455 2456
2456 2457
2456 2580
2457 2458
2458 2459
2459 2460
2461 2462
2461 2464
2462 2463
2462 2465
2464 2465
2464 2467
2465 2631
2467 2631
2471 2472
2471 2626
2471 2625
2474 2475
2475 2476
2475 2485
2475 2587
2476 2477
2477 2478
2477 2490
2478 2479
2478 2482
2479 2480
2479 2482
2479 2602
2480 2481
2482 2483
2482 2488
2483 2489
2484 2485
2484 2588
2484 2596
2485 2486
2485 2586
2486 2487
2487 2488
2488 2489
2488 2597
2490 2491
2490 2587
2490 2590
2491 2492
2492 2493
2493 2494
2494 2495
2494 2592
2495 2496
2495 2525
2495 2503
2496 2497
2496 2498
2496 2499
2499 2500
2500 2520
2500 2503
2501 2502
2502 2503
2503 2504
2503 2516
2504 2505
2505 2508
2505 2509
2506 2507
2509 2510
2509 2516
2509 2517
2510 2511
2510 2513
2510 2517
2511 2513
2511 2514
2512 2513
2512 2516
2512 2519
2513 2526
2514 2515
2514 2518
2515 2528
2515 2561
2517 2518
2519 2520
2519 2526
2520 2521
2521 2522
2522 2523
2523 2524
2523 2537
2523 2548
2526 2527
2526 2528
2528 2555
2529 2530
2530 2531
2531 2532
2533 2534
2534 2535
2534 2536
2536 2537
2537 2538
2537 2547
2538 2539
2539 2540
2539 2727
2540 2541
2540 2554
2540 2548
2541 2542
2542 2543
2542 2636
2542 2637
2543 2544
2543 2725
2544 2545
2544 2713
2546 2547
2547 2553
2548 2555
2549 2550
2549 2633
2550 2551
2550 2726
2550 2727
2551 2552
2555 2560
2556 2557
2557 2558
2557 2636
2558 2559
2559 2560
2561 2562
2561 2568
2562 2563
2562 2565
2563 2564
2565 2566
2566 2567
2568 2569
2568 2570
2569 2652
2569 2653
2570 2571
2571 2572
2572 2573
2572 2611
2572 2612
2573 2574
2573 2577
2573 2578
2574 2575
2574 2609
2574 2580
2576 2610
2578 2579
2578 2580
2578 2581
2582 2583
2583 2584
2584 2585
2585 2586
2586 2597
2587 2589
2588 2589
2588 2594
2590 2591
2592 2593
2593 2594
2594 2595
2597 2598
2597 2601
2599 2600
2600 2601
2602 2603
2604 2605
2606 2607
2607 2612
2607 2613
2609 2610
2610 2611
2613 2614
2614 2615
2616 2617
2617 2618
2621 2623
2622 2623
2624 2625
2625 2626
2626 2627
2628 2629
2631 2632
2633 2634
2634 2635
2637 2638
2638 2639
2639 2640
2640 2641
2640 2705
2640 2706
2641 2642
2642 2643
2644 2645
2645 2646
2647 2648
2648 2649
2649 2650
2651 2652
2653 2654
2653 2655
2653 2669
2655 2656
2656 2657
2656 2660
2657 2658
2658 2659
2660 2661
2661 2662
2661 2663
2663 2664
2664 2665
2666 2667
2667 2668
2669 2670
2672 2673
2673 2674
2673 2708
2673 2709
2674 2675
2674 2681
2674 2682
2675 2676
2676 2677
2678 2679
2679 2680
2681 2707
2681 2708
2681 2710
2682 2683
2682 2684
2684 2685
2685 2686
2685 2687
2687 2689
2688 2689
2689 2690
2692 2693
2693 2694
2694 2700
2694 2701
2695 2696
2696 2697
2697 2698
2698 2699
2699 2700
2700 2705
2702 2703
2703 2704
2704 2705
2706 2707
2711 2712
2713 2714
2713 2715
2715 2716
2716 2717
2717 2718
2718 2719
2719 2720
2720 2721
2722 2723
2723 2724
2728 2729
2728 2730
2730 2731
2733 2734
2738 2739
2739 2740
2741 2742
2746 2747
2747 2748
2752 2753
2753 2754
2755 2756
2756 2757
2758 2759
2759 2760
2760 2761
2762 2763
2764 2765
2765 2766
2768 2769
2769 2770
2773 2774
2774 2776
2775 2776
2779 2780
2780 2781
2781 2782
2782 2783
2783 2784
