2583484.98599 1128945.3281 0
2583532.69424 1128878.52193 0
2583560.47492 1128848.09372 0
2583592.14224 1128809.72914 0
2583600.43719 1128803.81171 0
2583395.11034 1128856.69268 0
2583418.92284 1128860.66143 0
2583460.59471 1128876.53643 0
2583478.45409 1128874.55206 0
2583532.69367 1128878.52081 0
2583570.3968 1128879.84372 0
2583614.71451 1128878.52081 0
2583560.47549 1128848.09484 0
2583569.7359 1128849.41776 0
2583684.00227 1128922.34242 0
2583704.01195 1128933.42297 0
2583758.91242 1128967.15622 0
2583683.34081 1128908.4518 0
2583682.01846 1128972.61437 0
2583686.6481 1129014.28513 0
2583720.38304 1129057.28104 0
2583535.25682 1128791.86977 0
2583651.0126 1128828.25109 0
2583718.17677 1128822.33254 0
2583779.00422 1128817.66664 0
2583812.73859 1128831.55727 0
2583831.92089 1128832.88018 0
2583844.51531 1128837.54608 0
2583852.42609 1128854.04685 0
2583951.3968 1128866.61456 0
2583962.88964 1128869.26039 0
2584071.78221 1128889.10414 0
2584107.77573 1128901.04608 0
2584171.66242 1128912.25518 0
2584200.76659 1128919.53122 0
2584221.76902 1128916.39153 0
2584270.96386 1128909.94008 0
2584280.30752 1128903.49198 0
2584319.25031 1128902.00258 0
2584467.49966 1128972.28253 0
2584567.71117 1128989.15083 0
2584593.59016 1128982.36977 0
2584626.33235 1128990.96872 0
2584676.93391 1128998.24477 0
2584709.92471 1129003.04146 0
2584758.29328 1129010.81247 0
2584820.16635 1129022.75442 0
2584828.98664 1129023.54555 0
2584871.7601 1129026.06171 0
2584889.92349 1129029.99477 0
2584916.38183 1129029.99477 0
2584938.87141 1129032.6406 0
2584966.65266 1129033.96352 0
2585023.53808 1129039.91664 0
2585060.93719 1129045.244 0
2585123.11427 1129049.87421 0
2585134.58039 1129050.99607 0
2585181.3226 1129039.95233 0
2585209.10385 1129030.69192 0
2585239.09081 1129035.12107 0
2585255.62727 1129033.79815 0
2583631.25096 1128854.04685 0
2583673.58486 1128850.74068 0
2583731.79263 1128860.66143 0
2583803.89159 1128873.8906 0
2583844.90257 1128881.82922 0
2583803.89215 1128873.89172 0
2583733.36359 1128839.49477 0
2583776.35839 1128832.88018 0
2583806.53799 1128889.76672 0
2583927.5843 1128871.24477 0
2583951.39736 1128866.61568 0
2583840.2718 1128902.33331 0
2583870.69888 1128905.6406 0
2583922.2932 1128915.56359 0
2583953.65594 1128912.29087 0
2584057.23013 1128912.91664 0
2584092.94888 1128912.25518 0
2583915.67861 1128922.83963 0
2583704.01138 1128933.42185 0
2583705.49966 1128742.42576 0
2583762.49448 1128738.98879 0
2583814.42572 1128752.19226 0
2584005.22297 1128803.11456 0
2584093.19693 1128834.2031 0
2584129.24641 1128836.18747 0
2584178.19432 1128839.49477 0
2584242.24839 1128824.99362 0
2584278.07453 1128830.89581 0
2584316.1351 1128830.27004 0
2584335.97885 1128833.57733 0
2584356.12662 1128834.2031 0
2583994.63964 1128832.21872 0
2584013.16047 1128791.86977 0
2584027.71255 1128764.74997 0
2584056.15526 1128719.10935 0
2584102.37466 1128651.14451 0
2583815.30175 1128733.16534 0
2583892.03091 1128710.67576 0
2583956.85383 1128743.74867 0
2583991.35906 1128747.58775 0
2583565.10513 1128776.65622 0
2583621.99055 1128773.34893 0
2583669.61555 1128740.93747 0
2583748.99055 1128701.24997 0
2583762.38564 1128688.18729 0
2583692.2705 1128689.50909 0
2583762.38508 1128688.18617 0
2583824.56216 1128674.95701 0
2583881.44758 1128674.95701 0
2583930.06477 1128681.57159 0
2583824.56329 1128674.95924 0
2583838.53547 1128647.01039 0
2583849.1188 1128633.11977 0
2583861.02505 1128609.96872 0
2583848.37466 1128693.47784 0
2583621.82518 1128934.24867 0
2583857.30435 1129042.72784 0
2583871.57248 1129054.41806 0
2583895.66893 1129073.81638 0
2583909.55956 1129091.0143 0
2584000.84137 1129170.39042 0
2584010.43195 1129177.33461 0
2584014.06997 1129180.6419 0
2584055.12717 1129215.15243 0
2584114.98915 1129256.16285 0
2584150.04644 1129270.71493 0
2584175.46694 1129280.85508 0
2583551.7106 1129082.41534 0
2583586.56662 1129079.14006 0
2583616.99371 1129074.50985 0
2583651.38954 1129074.50985 0
2583678.04914 1129071.83201 0
2583692.06923 1129069.54892 0
2583700.33746 1129067.89527 0
2583767.34658 1129053.97375 0
2583857.30492 1129042.72896 0
2583641.66893 1129032.14451 0
2583679.17079 1129061.94215 0
2583716.87391 1129087.73902 0
2583742.2106 1129147.23826 0
2583726.3356 1129216.69138 0
2583719.72102 1129073.81638 0
2583762.13703 1129072.98956 0
2583791.81997 1129077.12367 0
2583846.14224 1129072.98956 0
2583875.16372 1129072.49346 0
2583978.35122 1129073.81638 0
2584014.73143 1129069.18617 0
2584112.62727 1129073.81638 0
2584133.79393 1129078.44659 0
2584160.99641 1129079.60414 0
2584174.80435 1129079.10805 0
2584233.01325 1129076.46333 0
2583995.54914 1129039.42055 0
2584016.51454 1129043.75204 0
2584042.51268 1129051.3268 0
2584111.96637 1129061.24979 0
2584137.76325 1129067.20292 0
2584255.25422 1129077.9505 0
2584332.89346 1129074.47896 0
2584369.93456 1129078.44659 0
2584383.82575 1129075.14042 0
2584417.88972 1129087.37516 0
2584457.57779 1129094.65232 0
2584512.81013 1129110.85917 0
2584563.74185 1129122.10284 0
2584647.52573 1129120.65025 0
2584675.52831 1129116.14971 0
2584686.7731 1129127.39451 0
2584709.92471 1129139.30187 0
2584731.83495 1129160.30206 0
2584788.05891 1129189.40622 0
2584850.89745 1129217.84893 0
2584866.77245 1129233.72393 0
2584768.87662 1129297.88539 0
2584847.59016 1129253.56768 0
2584866.77302 1129233.72505 0
2584885.87263 1129208.09354 0
2584811.12727 1129176.34242 0
2584852.13825 1129186.26542 0
2584919.60644 1129236.53513 0
2585009.56477 1129255.71742 0
2585090.26269 1129258.36326 0
2585099.85383 1129259.02471 0
2585025.07313 1129378.78069 0
2585075.38044 1129288.79146 0
2585087.28612 1129264.97784 0
2585090.26325 1129258.36437 0
2585113.083 1129268.94659 0
2585142.18773 1129284.16125 0
2585152.77107 1129294.08312 0
2585195.76586 1129319.21854 0
2585285.72362 1129346.99867 0
2585324.7508 1129351.63112 0
2585116.39029 1129283.49867 0
2585142.18717 1129284.16013 0
2585178.56737 1129283.49867 0
2585199.15526 1129285.64841 0
2585209.07714 1129292.263 0
2585239.50479 1129298.8787 0
2585115.06737 1129244.47263 0
2585116.39029 1129325.83201 0
2585148.80175 1129320.54034 0
2585176.583 1129320.54034 0
2584888.51789 1129134.67055 0
2584878.6787 1129144.42706 0
2584457.57722 1129094.6512 0
2584554.15071 1129084.06899 0
2584571.34919 1129084.73156 0
2584599.12987 1129078.77732 0
2584654.69294 1129062.24198 0
2584667.92154 1129058.93357 0
2584689.08877 1129053.64302 0
2583583.62596 1129242.65362 0
2583690.75004 1129219.79729 0
2583789.33951 1129205.61195 0
2583823.40461 1129198.99737 0
2583781.31932 1129187.42185 0
2583769.41307 1129177.49998 0
2583766.06988 1129146.03004 0
2583751.5537 1129100.10935 0
2583767.34602 1129053.97263 0
2583698.55689 1129082.06212 0
2583714.72823 1129171.28328 0
2583787.60318 1129260.84373 0
2583823.40518 1129198.99849 0
2583830.9287 1129189.40623 0
2583852.42609 1129143.7656 0
2583830.92926 1129189.40734 0
2583829.60578 1129170.22393 0
2583825.63703 1129143.7656 0
2583894.28583 1129165.70696 0
2584007.8688 1129209.91143 0
2583853.74901 1129256.87498 0
2583899.30452 1129211.43281 0
2583915.67805 1128922.83852 0
2583905.70697 1128941.50164 0
2583871.98589 1129012.6635 0
2584017.04654 1129170.72003 0
2584149.3382 1129177.99607 0
2584178.12068 1129176.30198 0
2584263.85318 1129174.52341 0
2584334.25772 1129180.2054 0
2584192.47971 1129106.17971 0
2584203.66047 1129096.47133 0
2584208.95214 1129086.54945 0
2584034.24445 1129136.65492 0
2584004.19488 1129217.79827 0
2583982.07193 1129257.86716 0
2583966.85895 1129337.90474 0
2584202.33755 1129148.06508 0
2584214.24324 1129139.465 0
2584237.39485 1129117.638 0
2584251.20335 1129089.36177 0
2584160.99584 1129079.60302 0
2584337.8544 1129088.70031 0
2584353.06737 1129089.36065 0
2584191.75479 1129159.97245 0
2584374.40725 1129176.02316 0
2584351.16568 1129171.21612 0
2584334.62922 1129117.30727 0
2584416.23721 1129141.94771 0
2584457.24819 1129163.11549 0
2584482.38304 1129174.35917 0
2584494.53677 1129184.44529 0
2584502.22679 1129191.55708 0
2584528.02367 1129210.73937 0
2584537.28352 1129219.99867 0
2584600.12263 1129270.93208 0
2584618.22892 1129286.30875 0
2584635.84138 1129300.69771 0
2584732.33104 1129384.2057 0
2584775.32584 1129425.21612 0
2584786.65501 1129435.63744 0
2584809.14346 1129454.8175 0
2584831.59657 1129468.73902 0
2584878.59602 1129499.79555 0
2585023.29003 1129623.48826 0
2585072.8994 1129665.16013 0
2585096.87784 1129688.97375 0
2585112.5869 1129702.86326 0
2585200.72736 1129765.70404 0
2585270.84081 1129831.84763 0
2585322.43513 1129856.98417 0
2583930.85569 1129028.20777 0
2584015.6415 1129011.80578 0
2584089.88964 1128944.66664 0
2584142.52235 1128946.51767 0
2584240.95075 1128932.26542 0
2584383.82518 1129075.1393 0
2584295.18977 1128964.0143 0
2584261.45539 1128944.17055 0
2584240.95018 1128932.2643 0
2584221.76789 1128916.3893 0
2584160.25283 1128862.15083 0
2584112.04793 1128820.31136 0
2584080.29793 1128797.16031 0
2583930.06533 1128681.57271 0
2583855.40322 1128604.01672 0
2583841.8422 1128586.81656 0
2583807.11676 1128563.0063 0
2583768.26093 1128529.16969 0
2583653.98859 1128572.2656 0
2583759.89645 1128591.06687 0
2583784.95791 1128596.07922 0
2583815.38443 1128600.04685 0
2583833.24437 1128600.04797 0
2583925.51781 1128609.30838 0
2583763.79987 1128628.42824 0
2583784.95734 1128596.0781 0
2583783.87464 1128568.20395 0
2583814.06151 1128639.73435 0
2583833.2438 1128600.04685 0
2583857.0563 1128563.66664 0
2583938.41568 1128472.38539 0
2583895.99966 1128471.22784 0
2584031.35001 1128471.06136 0
2584153.96841 1128471.22784 0
2584198.19544 1128473.40646 0
2584277.37923 1128470.06066 0
2584331.46956 1128470.61829 0
2584386.80231 1128481.81229 0
2583778.67349 1128516.7031 0
2583899.05891 1128590.78643 0
2583949.49511 1128584.50258 0
2583961.0623 1128569.0404 0
2583976.44953 1128541.17706 0
2583983.72557 1128529.93227 0
2584052.51724 1128450.55727 0
2583951.97557 1128573.58852 0
2583969.17349 1128545.14581 0
2583979.88239 1128516.20474 0
2583992.32453 1128503.47393 0
2583922.20995 1128589.46352 0
2583943.37662 1128590.78643 0
2584000.26203 1128591.44789 0
2584056.81672 1128614.59893 0
2584170.58755 1128621.87497 0
2584258.56151 1128645.68747 0
2584289.65062 1128656.93338 0
2584403.42089 1128702.57289 0
2583949.49567 1128584.5037 0
2584011.01073 1128582.5182 0
2584091.37735 1128553.08219 0
2584046.23339 1128673.46872 0
2584048.05294 1128659.51624 0
2584050.03677 1128611.9531 0
2584080.13369 1128591.44901 0
2584089.72371 1128565.6499 0
2584063.9274 1128592.44008 0
2584120.15136 1128540.18487 0
2584050.69823 1128582.5182 0
2584107.58421 1128549.4464 0
2583980.58365 1128567.96612 0
2584011.01073 1128558.04424 0
2584039.45344 1128545.47654 0
2584059.95865 1128540.18487 0
2584153.96898 1128471.22896 0
2584039.45344 1128573.25779 0
2584042.09927 1128568.29685 0
2584049.70717 1128554.73919 0
2584011.0113 1128558.04536 0
2584039.454 1128545.47765 0
2584077.156 1128559.36604 0
2584080.13313 1128591.44789 0
2584121.80557 1128593.76411 0
2584209.53148 1128607.48937 0
2584229.37466 1128607.48826 0
2584279.72875 1128590.78755 0
2584445.01065 1128513.56229 0
2584491.31216 1128485.77992 0
2584825.8528 1128400.62951 0
2584278.82676 1128386.73889 0
2584579.47653 1128574.75613 0
2584665.93773 1128620.71854 0
2584709.01407 1128644.69417 0
2584724.88964 1128651.97133 0
2584735.51975 1128659.03134 0
2584831.30288 1128714.64674 0
2584992.69815 1128825.10916 0
2585093.90127 1128897.53885 0
2585120.35961 1128920.35916 0
2585120.35904 1128920.35805 0
2585236.11425 1129005.68617 0
2584279.72818 1128590.78643 0
2584306.79433 1128598.17668 0
2584509.91568 1128584.17185 0
2584193.7386 1128613.27602 0
2584121.805 1128593.76299 0
2584251.28547 1128535.88539 0
2584125.93968 1128794.51672 0
2584246.98656 1128805.10005 0
2584285.35057 1128805.76039 0
2584323.0537 1128799.14581 0
2584429.21776 1128790.54685 0
2584578.04645 1128741.60005 0
2584285.35114 1128805.76151 0
2584347.85839 1128731.0156 0
2584271.10586 1128732.00844 0
2584299.57193 1128660.23956 0
2584304.8636 1128648.99477 0
2584390.19172 1128679.42185 0
2584615.74901 1128763.42706 0
2584256.60742 1128739.81529 0
2584112.04849 1128820.31247 0
2584125.93912 1128794.5156 0
2584196.38443 1128731.0156 0
2584228.13443 1128621.21352 0
2584189.10839 1129083.24216 0
2584203.66104 1129096.47245 0
2584211.59797 1129116.97654 0
2584214.2438 1129139.46612 0
2584015.64094 1129011.80466 0
2584046.44553 1129019.69149 0
2584118.33178 1129056.45198 0
2584137.76268 1129067.2018 0
2584139.99511 1129023.71091 0
2584222.01594 1129016.43487 0
2584111.96581 1129061.24867 0
2584139.99567 1129023.71203 0
2584185.13964 1128964.51039 0
2584197.54198 1129030.98695 0
2584255.08886 1129050.8307 0
2584268.97948 1129054.138 0
2584302.33327 1129052.08938 0
2584251.28547 1129000.22914 0
2584261.45596 1128944.17167 0
2584467.5008 1128972.28476 0
2584501.23404 1128982.2044 0
2584509.17154 1128992.78774 0
2584518.6946 1128997.44141 0
2584603.84276 1129029.99477 0
2584597.55948 1129048.51672 0
2584612.44116 1129014.78011 0
2584453.45163 1129010.82459 0
2584517.02171 1129027.55356 0
2584539.88463 1129037.59094 0
2584558.84413 1129040.93673 0
2584582.01464 1129043.88539 0
2584562.08821 1129012.63149 0
2584509.833 1129088.69919 0
2584567.7106 1128989.14971 0
2584655.0231 1129030.16013 0
2584730.42992 1129044.05187 0
2584809.80549 1129071.83424 0
2584880.00162 1129106.72393 0
2584937.54906 1129144.42818 0
2584950.94246 1129155.00927 0
2584481.47297 1129150.38018 0
2584569.94359 1129148.0662 0
2584632.78213 1129136.15995 0
2584666.51594 1129138.80466 0
2584575.89615 1129155.34112 0
2584677.09927 1129146.0807 0
2584399.12141 1129180.80727 0
2584416.23664 1129141.94659 0
2584405.73599 1129162.94789 0
2584416.31933 1129158.31768 0
2584399.12254 1129180.8095 0
2584306.43456 1129293.42055 0
2584055.4579 1129302.1342 0
2584154.87848 1129279.03495 0
2584306.43512 1129293.42167 0
2584334.21581 1129299.37367 0
2584373.90331 1129299.37367 0
2584456.91633 1129293.08982 0
2584500.57258 1129285.81378 0
2584377.75304 1129237.50212 0
2584423.26464 1129209.91143 0
2584445.42349 1129190.72914 0
2584461.29849 1129195.35935 0
2584405.40526 1129252.90623 0
2584373.90388 1129299.37479 0
2584411.60643 1129298.71221 0
2584456.91576 1129293.0887 0
2584476.09862 1129263.32419 0
2584532.32258 1129247.44919 0
2584528.0231 1129210.73826 0
2584461.29906 1129195.36047 0
2584085.8382 1129431.99607 0
2584135.44758 1129414.79815 0
2584153.30604 1129408.69524 0
2584208.87002 1129389.0024 0
2584166.4104 1129428.77 0
2584221.43716 1129476.31378 0
2584249.87987 1129494.83461 0
2584220.77514 1129428.68766 0
2584223.42097 1129565.60953 0
2584173.31607 1129507.73305 0
2584046.31607 1129502.44138 0
2583973.39029 1129386.35544 0
2584088.53082 1129399.36858 0
2584154.87792 1129279.03383 0
2584187.08811 1129303.12639 0
2584188.74175 1129311.39462 0
2584191.25813 1129365.68487 0
2584208.86945 1129389.00128 0
2584205.89289 1129426.37367 0
2584220.7757 1129428.68878 0
2584267.34184 1129436.85567 0
2584120.28082 1129387.46233 0
2584244.91893 1129443.57159 0
2584375.22623 1129462.09242 0
2584465.30131 1129493.17653 0
2584375.22679 1129462.09354 0
2584388.20678 1129441.42073 0
2584388.86824 1129314.42073 0
2584358.02888 1129298.05187 0
2584388.8688 1129314.42185 0
2584406.31533 1129325.17167 0
2584437.40331 1129359.56638 0
2584447.98777 1129377.42799 0
2584406.31477 1129325.17055 0
2584409.2919 1129410.16906 0
2584399.45157 1129423.56136 0
2584415.90591 1129430.01169 0
2584484.36685 1129463.41534 0
2584334.21694 1129299.37591 0
2584222.92544 1129644.65492 0
2584052.26919 1129522.94659 0
2584282.95279 1129608.93617 0
2584261.29059 1129596.36958 0
2584185.71841 1129538.16013 0
2584170.87146 1129465.85255 0
2584016.96494 1129416.22327 0
2584261.29003 1129596.36847 0
2584315.53018 1129536.17688 0
2584372.74519 1129600.50146 0
2584328.75878 1129542.12888 0
2584288.40982 1129520.30076 0
2584328.75821 1129542.12776 0
2584365.48513 1129555.07372 0
2584381.17992 1129583.14042 0
2584366.958 1129568.91794 0
2584365.63565 1129560.65083 0
2584365.63508 1129527.24607 0
2584348.43716 1129493.51169 0
2584389.77831 1129570.57159 0
2584409.95279 1129587.76951 0
2584443.55365 1129598.56904 0
2584558.42591 1129652.65937 0
2584687.76529 1129692.27992 0
2584363.31998 1129622.16534 0
2584381.17935 1129583.1393 0
2584389.77888 1129570.57271 0
2584457.24706 1129522.28513 0
2584491.64289 1129415.79034 0
2584431.12002 1129406.86177 0
2584479.73721 1129405.86958 0
2584447.98664 1129377.42576 0
2584506.60839 1129394.45831 0
2584545.55175 1129418.7669 0
2584594.58235 1129438.77602 0
2584404.66112 1129444.56378 0
2584431.11946 1129406.86065 0
2584491.64346 1129415.79146 0
2584528.02367 1129447.54146 0
2584557.78873 1129464.73826 0
2584470.87763 1129563.4382 0
2584505.86425 1129533.86065 0
2584549.43838 1129621.00891 0
2584561.01334 1129628.94529 0
2584660.47262 1129639.2762 0
2584628.81282 1129598.5182 0
2584679.56361 1129624.30854 0
2584753.97767 1129651.0976 0
2584492.48589 1129494.84943 0
2584460.55435 1129503.10284 0
2584480.21798 1129517.57295 0
2584527.69294 1129543.12219 0
2584542.90648 1129566.93469 0
2584559.44237 1129603.31378 0
2584542.90591 1129566.93357 0
2584591.77058 1129527.74104 0
2584632.12011 1129484.08591 0
2584540.83886 1129531.04945 0
2584576.55817 1129482.76411 0
2584667.72184 1129385.5535 0
2584576.55761 1129482.763 0
2584609.79588 1129416.94789 0
2584623.11125 1129383.8806 0
2584557.458 1129389.66274 0
2584599.12987 1129313.59503 0
2584659.98404 1129299.7044 0
2584700.99446 1129277.87628 0
2584609.79645 1129416.94901 0
2584193.40787 1128849.41664 0
2584340.25162 1128860.66143 0
2584428.8876 1128892.41255 0
2584502.97037 1128912.25518 0
2584543.78806 1128916.58473 0
2584661.05891 1128934.08331 0
2584756.22679 1128944.17167 0
2584643.53026 1128971.78643 0
2584696.69498 1129015.60805 0
2584756.22623 1128944.17055 0
2584773.42471 1128921.02062 0
2584677.59593 1128908.94901 0
2584428.88703 1128892.41143 0
2584707.36099 1128919.53122 0
2584880.66308 1128920.19268 0
2585036.76781 1128957.23547 0
2584677.59537 1128908.94789 0
2584817.02789 1128901.52866 0
2584337.60578 1128823.61977 0
2584356.12718 1128834.20422 0
2584388.53808 1128849.41664 0
2584457.9912 1128861.32289 0
2584434.84016 1128837.51039 0
2584631.29328 1128841.47914 0
2584723.34566 1128858.03334 0
2584754.32453 1128863.96872 0
2584778.79849 1128875.21352 0
2584758.29328 1128903.65622 0
2584362.74177 1128809.0688 0
2584513.5537 1128817.66664 0
2584690.82453 1128793.19268 0
2584730.42935 1129044.05076 0
2584821.7106 1129048.01951 0
2584807.48925 1129053.31117 0
2584916.29914 1129054.30336 0
2584952.67992 1129052.3201 0
2585094.89289 1129064.22523 0
2585121.68252 1129069.18729 0
2585152.1649 1129076.06757 0
2584649.06998 1129037.43617 0
2584689.08821 1129053.6419 0
2584718.5231 1129068.52471 0
2584742.99763 1129071.83312 0
2584794.59081 1129090.35284 0
2584888.51846 1129134.67167 0
2584936.88647 1129160.30094 0
2585076.37263 1129239.84354 0
2585081.41568 1129209.5807 0
2584817.08039 1129053.31117 0
2584828.98721 1129023.54667 0
2584851.04346 1128999.11431 0
2584858.09081 1128979.8893 0
2584932.91885 1129069.02193 0
2584991.78808 1129003.53643 0
2585036.76724 1128957.23435 0
2584809.80435 1129071.83201 0
2585089.15245 1129194.28562 0
2584623.52115 1129174.52341 0
2584707.52692 1129187.09224 0
2584732.66177 1129185.7682 0
2584502.22623 1129191.55596 0
2584555.39094 1129206.27341 0
2584655.10578 1129256.21352 0
2584664.531 1129259.18896 0
2584787.97623 1129313.92576 0
2584838.24763 1129328.47896 0
2585122.01325 1129401.23937 0
2584618.22948 1129286.30987 0
2584664.53157 1129259.85154 0
2584732.33048 1129384.20459 0
2584791.2014 1129398.75891 0
2584807.0764 1129399.42036 0
2584851.77105 1129416.48381 0
2584897.08095 1129434.34319 0
2584924.20074 1129448.89527 0
2584791.20084 1129398.75779 0
2584729.02375 1129492.68487 0
2584780.28677 1129485.40883 0
2584776.64875 1129539.64841 0
2584774.66438 1129585.28904 0
2584780.78179 1129658.23569 0
2584797.15396 1129738.74737 0
2584791.20027 1129762.55875 0
2584692.11825 1129513.80893 0
2584824.60505 1129560.8162 0
2584893.39672 1129600.5037 0
2584941.68261 1129627.62237 0
2584991.95344 1129646.80466 0
2584878.59659 1129499.79667 0
2584809.14289 1129454.81638 0
2584991.95514 1129646.80802 0
2584916.0511 1129592.23435 0
2584997.57584 1129716.91925 0
2584797.1534 1129738.74625 0
2584816.99771 1129727.50258 0
2584855.50452 1129708.98023 0
2584886.73193 1129697.82759 0
2584916.87849 1129670.61828 0
2584969.13313 1129695.09112 0
2584903.64875 1129730.80987 0
2584951.27375 1129748.00779 0
2584999.31273 1129764.38 0
2585011.21842 1129738.58201 0
2584997.98925 1129800.75909 0
2584997.98925 1129848.38409 0
2584947.51385 1129842.81199 0
2584998.25839 1129794.85561 0
2585055.70149 1129761.73305 0
2584683.79654 1129708.81638 0
2584741.59089 1129738.0848 0
2584970.86946 1129854.33722 0
2585037.01529 1129898.65492 0
2585104.64997 1129909.23938 0
2585146.32128 1129934.37367 0
2585167.48795 1129931.06638 0
2585199.89941 1129942.97263 0
2584662.62987 1129743.21222 0
2584731.42154 1129781.5768 0
2584914.6455 1129872.19659 0
2584975.49966 1129892.04034 0
2584995.34341 1129983.98305 0
2584979.29889 1129945.41633 0
2584976.82202 1129919.82047 0
2584975.50023 1129892.04146 0
2584977.48404 1129870.21222 0
2584962.93196 1129876.16534 0
2584998.25839 1129840.58146 0
2585042.96841 1130030.28513 0
2585089.93196 1130044.17576 0
2585038.99966 1130019.7018 0
2585007.91112 1129997.87367 0
2584512.47883 1129699.55597 0
2584585.23925 1129736.59763 0
2584671.89029 1129761.73305 0
2584697.13694 1129799.8743 0
2584703.82853 1129813.81511 0
2584618.64289 1129801.08982 0
2584550.51268 1129755.44919 0
2584596.15331 1129805.72003 0
2584606.73721 1129812.99719 0
2584638.48664 1129834.16274 0
2584629.55696 1129806.71222 0
2584504.2106 1129806.38149 0
2584627.24185 1129850.6992 0
2584746.30492 1129910.89302 0
2584883.88769 1129948.59503 0
2584761.51789 1129842.7617 0
2584830.41106 1129884.07678 0
2584867.35123 1129910.23045 0
2584154.79524 1129770.99347 0
2584555.63899 1129937.01951 0
2584623.76976 1129937.68208 0
2584193.03734 1129728.49736 0
2584355.21768 1129780.255 0
2584179.93065 1129675.08201 0
2584318.8369 1129747.84242 0
2584355.21711 1129780.25388 0
2584441.20669 1129834.49347 0
2584623.7692 1129937.68097 0
2584799.05565 1130061.37367 0
2584861.8942 1130075.2643 0
2584950.52961 1130128.84242 0
2584759.36872 1130081.21854 0
2584715.7119 1130069.97263 0
2584734.97688 1130127.02341 0
2584572.25813 1130107.17966 0
2584432.2616 1130064.19201 0
2584783.56995 1130175.71847 0
2584680.40797 1130049.69357 0
2584530.40488 1129965.49109 0
2584403.46767 1129910.92392 0
2584369.40256 1129895.71038 0
2585026.01855 1130237.48696 0
2584829.6122 1130028.16741 0
2585029.24315 1130140.08722 0
2585056.36295 1130151.99347 0
2585035.75916 1130139.19356 0
2585028.5817 1130130.16534 0
2585195.26976 1130167.20813 0
2585241.57185 1130175.14563 0
2585282.5817 1130183.08201 0
2585241.57128 1130175.14451 0
2585287.21191 1130163.23826 0
2585195.2692 1130167.20701 0
2585275.30566 1130160.59242 0
2585305.73274 1130019.04034 0
2585066.78092 1130110.98305 0
2585083.71554 1130112.42721 0
2585113.083 1130115.61326 0
2585077.58158 1130100.71693 0
2585082.65592 1130087.17055 0
2585106.46842 1130073.27992 0
2585181.30119 1130001.73719 0
2585201.71898 1129984.64563 0
2585229.6656 1129960.17167 0
2585249.34342 1129937.68097 0
2585126.31217 1129976.04555 0
2585041.31477 1129979.68357 0
2585029.40852 1129974.3919 0
2585041.31534 1129979.68469 0
2585073.06477 1130000.18878 0
2585043.00838 1130003.68891 0
2585085.96321 1130017.71742 0
2585101.83821 1130038.22263 0
2585106.46898 1130073.28104 0
2584976.82258 1129919.82159 0
2585126.31273 1129976.04667 0
2585191.30045 1129951.57159 0
2585266.7067 1129968.76951 0
2585179.55956 1129903.61586 0
2585191.46524 1129904.93766 0
2585254.35102 1129907.21852 0
2585065.12727 1129860.62107 0
2585059.17414 1129800.42836 0
2585099.52367 1129838.79406 0
2585172.94498 1129895.0169 0
2585191.46581 1129904.93878 0
2585114.07519 1129828.20961 0
2585169.63769 1129784.55336 0
2585170.79524 1129755.77992 0
2585135.07649 1129747.18097 0
2585100.68065 1129749.16534 0
2585055.70092 1129761.73193 0
2585314.3317 1129775.62367 0
2585241.57071 1129712.78401 0
2585360.13769 1129805.05857 0
2585415.03873 1129780.58461 0
2585436.2054 1129782.56899 0
2585508.96638 1129766.03365 0
2585525.50227 1129762.06378 0
2585508.96581 1129766.03253 0
2585554.60644 1129771.32419 0
2585365.42935 1129771.32419 0
2585427.44164 1129735.27583 0
2585411.73144 1129774.63149 0
2585434.22102 1129766.03253 0
2585457.86872 1129743.21333 0
2585344.75878 1129716.75388 0
2585457.86816 1129743.21222 0
2585535.25878 1129758.42576 0
2585576.43456 1129767.68617 0
2585628.69034 1129701.54146 0
2585606.86165 1129728.66013 0
2585576.43513 1129767.68729 0
2585534.10123 1129788.85284 0
2585518.88769 1129812.66534 0
2585494.4143 1129854.99979 0
2585268.857 1129797.45292 0
2585316.80584 1129819.39143 0
2585460.67992 1129821.26542 0
2585565.19034 1129797.45292 0
2585580.89941 1129779.59242 0
2585547.3304 1129848.38409 0
2585488.29581 1129922.46854 0
2585451.91503 1129946.27992 0
2585449.93066 1129975.38409 0
2585432.73274 1130005.14972 0
2585196.09602 1130060.05076 0
2585218.5856 1130038.22263 0
2585251.00523 1130015.678 0
2585273.31052 1129997.27613 0
2585409.08617 1129869.55188 0
2585187.82779 1129999.85805 0
2585206.01789 1129718.73826 0
2585241.57128 1129712.78513 0
2585274.98342 1129706.7497 0
2585342.27831 1129679.05076 0
2585485.15331 1129708.81638 0
2585551.26324 1129718.77027 0
2585606.86221 1129728.66125 0
2585292.27002 1129721.80578 0
2585227.0192 1129665.16013 0
2585281.11737 1129659.90859 0
2585324.91503 1129656.56117 0
2585427.77467 1129650.98647 0
2585545.34659 1129647.96333 0
2585567.8356 1129654.5768 0
2585585.58461 1129658.51451 0
2585609.50805 1129663.17687 0
2585576.93066 1129675.74347 0
2585594.79003 1129669.12888 0
2585609.50748 1129663.17576 0
2585635.13899 1129655.89972 0
2585488.4606 1129620.84242 0
2585112.5869 1129688.97263 0
2585132.43065 1129661.85284 0
2585152.93643 1129638.70292 0
2585219.74316 1129533.52992 0
2585106.63435 1129664.49979 0
2585132.43122 1129661.85396 0
2585191.33857 1129654.8899 0
2585096.87727 1129688.97263 0
2585114.57128 1129638.04034 0
2585123.51654 1129612.50984 0
2585127.80045 1129599.0143 0
2585131.67191 1129618.08617 0
2585114.38531 1129605.81826 0
2585109.27961 1129593.06117 0
2585133.09211 1129555.35805 0
2585166.95595 1129512.39527 0
2585051.20074 1129481.30673 0
2584995.09537 1129547.25518 0
2585122.01269 1129401.23826 0
2585185.9261 1129428.52341 0
2585235.86564 1129457.29573 0
2585255.70995 1129438.77602 0
2585185.92553 1129428.52229 0
2585189.48144 1129464.0768 0
2585206.10058 1129470.52602 0
2585249.75683 1129511.53643 0
2585283.55701 1129529.21352 0
2585323.09602 1129539.48305 0
2585357.72211 1129558.76803 0
2585386.34797 1129567.76039 0
2585467.29394 1129598.35284 0
2585465.06152 1129545.93227 0
2585325.82454 1129455.97393 0
2585382.95857 1129437.61958 0
2585480.19294 1129435.63521 0
2585535.09342 1129447.54034 0
2585603.22419 1129452.83312 0
2585316.81217 1129439.60284 0
2584726.25933 1128728.48446 0
2584658.79058 1128728.48446 0
2584582.72287 1128679.53655 0
2584709.01464 1128644.69529 0
2584783.09797 1128628.15883 0
2584870.41047 1128596.40883 0
2584904.14541 1128569.95161 0
2584961.03083 1128515.71203 0
2584831.38443 1128626.17445 0
2584955.07714 1128621.54424 0
2584998.07193 1128624.85154 0
2585121.10318 1128702.90362 0
2584934.61871 1128635.21884 0
2584769.91558 1128653.07821 0
2584665.93716 1128620.71742 0
2584728.19693 1128567.96612 0
2584739.44172 1128546.79945 0
2584807.57193 1128513.72654 0
2584822.54551 1128501.83264 0
2584864.45735 1128462.13279 0
2584890.25422 1128448.24216 0
2584835.60931 1128440.64774 0
2584894.80926 1128424.11016 0
2584952.19191 1128382.77125 0
2584894.80983 1128424.11128 0
2585048.34276 1128537.53904 0
2584894.64447 1128468.09826 0
2584924.41009 1128458.17639 0
2584859.21246 1128486.39071 0
2584902.58197 1128493.23368 0
2584933.24958 1128489.91515 0
2585129.70214 1128716.79424 0
2584952.19134 1128382.77014 0
2585384.36417 1128479.99328 0
2585405.53027 1128435.01299 0
2585394.9475 1128458.16515 0
2585351.29125 1128542.17036 0
2585341.36937 1128557.3839 0
2585222.02235 1128702.68759 0
2585441.91047 1128599.05466 0
2585474.32193 1128617.57549 0
2585351.29068 1128542.16924 0
2585477.62922 1128563.99737 0
2585580.15527 1128578.54945 0
2585605.87003 1128576.40083 0
2585627.69815 1128591.61437 0
2585772.35569 1128714.59384 0
2585864.50024 1128807.91125 0
2585888.39485 1128822.62758 0
2585945.94229 1128850.40995 0
2585977.03027 1128859.66924 0
2586001.50423 1128865.62237 0
2585450.50943 1128638.74216 0
2585471.67667 1128663.21724 0
2585475.64485 1128681.73695 0
2585477.62979 1128696.29015 0
2585548.40527 1128745.89841 0
2585592.72354 1128771.03495 0
2585649.60839 1128808.73695 0
2585692.60318 1128825.27341 0
2585713.77155 1128850.08145 0
2585493.83495 1128809.72914 0
2585460.76204 1128792.53122 0
2585358.94423 1128734.43759 0
2585409.21506 1128706.65634 0
2585451.74967 1128692.15492 0
2585520.62402 1128650.64841 0
2585554.93717 1128629.31638 0
2585451.75023 1128692.15604 0
2585471.6761 1128663.21612 0
2585512.68652 1128614.2682 0
2585556.34277 1128726.05466 0
2585535.83812 1128684.3839 0
2585567.82051 1128639.01969 0
2585604.54711 1128670.98937 0
2585624.39029 1128687.52471 0
2585654.15648 1128721.92166 0
2585675.78277 1128729.14592 0
2585685.70465 1128727.823 0
2585717.45465 1128755.60425 0
2585758.74902 1128775.99477 0
2585678.28462 1128679.36977 0
2585647.19665 1128662.83443 0
2585595.60176 1128638.35823 0
2585647.19608 1128662.83331 0
2585662.5536 1128645.80217 0
2585613.22818 1128746.8906 0
2585592.72297 1128771.03383 0
2585547.08292 1128830.23547 0
2585531.20735 1128852.72393 0
2585507.39485 1128877.85935 0
2585461.09277 1128818.3281 0
2585712.44693 1128782.60935 0
2585726.71506 1128785.36988 0
2585804.38907 1128786.90771 0
2585917.41633 1128856.85805 0
2585975.62524 1128893.90083 0
2585996.87402 1128911.26299 0
2586010.68253 1128921.68208 0
2586148.26473 1128995.10172 0
2584992.69758 1128825.10805 0
2585051.65006 1128826.59633 0
2585086.62467 1128831.06117 0
2585094.56217 1128839.66013 0
2585146.81794 1128851.5675 0
2585216.2705 1128865.45701 0
2585283.07779 1128864.79555 0
2585414.04654 1128889.26951 0
2585429.40454 1128804.03843 0
2585155.49901 1128810.72133 0
2585093.32193 1128807.41404 0
2585519.91521 1129157.26189 0
2585507.31273 1129079.77062 0
2585461.09333 1128818.32922 0
2585460.7626 1128792.53234 0
2585464.73079 1128848.75518 0
2585532.4281 1129014.14579 0
2585534.81206 1128962.10886 0
2585533.56923 1128922.29175 0
2585527.6161 1128887.89592 0
2585566.26521 1128980.71724 0
2585582.71898 1128993.78104 0
2585642.98379 1129019.64701 0
2585769.25023 1129100.27583 0
2585887.65128 1129173.03625 0
2585932.63044 1129192.21854 0
2585973.64029 1129218.67576 0
2585990.83821 1129228.59763 0
2586013.32836 1129242.48937 0
2586043.75488 1129268.28513 0
2586155.83616 1129350.33798 0
2586202.3036 1129378.698 0
2586291.14086 1129427.03625 0
2586415.90787 1129492.35414 0
2586481.39338 1129522.122 0
2586509.83552 1129532.70422 0
2586537.61677 1129558.50109 0
2585110.43773 1129251.08833 0
2585119.7797 1129238.84912 0
2585123.58365 1129231.40883 0
2585126.97362 1129220.66013 0
2585129.37084 1129211.72933 0
2585136.8955 1129186.92576 0
2585166.57844 1129130.53643 0
2585078.60448 1129229.25909 0
2585079.26537 1129223.63558 0
2585082.73803 1129206.27229 0
2585083.89615 1129199.98956 0
2585097.12588 1129183.45422 0
2585111.55881 1129162.40113 0
2585147.39615 1129089.52602 0
2585150.12467 1129267.62367 0
2585113.33105 1129246.62237 0
2585083.89672 1129199.99068 0
2585126.97419 1129220.66125 0
2585097.12532 1129183.4531 0
2585129.37141 1129211.73044 0
2585165.42089 1129249.92966 0
2585196.42732 1129269.60917 0
2585239.50422 1129298.87758 0
2585301.68131 1129340.21872 0
2585374.35961 1129382.71854 0
2585385.52058 1129404.37907 0
2585408.09398 1129403.88521 0
2585121.68196 1129069.18617 0
2585095.22362 1129133.34763 0
2584927.62662 1129132.52081 0
2584965.37652 1129127.34384 0
2585037.47548 1129097.57821 0
2585080.47027 1129102.20842 0
2585103.16112 1129110.19659 0
2585245.95344 1129131.85935 0
2585353.77115 1129176.83852 0
2585456.29776 1129233.72505 0
2585501.15777 1129264.92717 0
2585574.74501 1129289.15308 0
2585632.98982 1129313.92687 0
2585232.88964 1129153.68747 0
2585276.54589 1129202.63539 0
2585333.43131 1129267.45831 0
2585422.06672 1129334.2656 0
2585233.46842 1129226.61326 0
2585336.65592 1129192.87888 0
2585379.65071 1129156.49867 0
2585432.56794 1129150.54667 0
2585277.12467 1129117.47263 0
2585414.04711 1129132.02583 0
2585163.68456 1129063.56378 0
2585242.39867 1129088.70031 0
2585350.54711 1129100.27583 0
2585386.92675 1129103.58201 0
2585210.31737 1129057.27992 0
2585265.21842 1129054.63409 0
2585304.24502 1129063.89562 0
2585367.083 1129067.2018 0
2585574.78092 1129083.73826 0
2585462.333 1129164.43617 0
2585533.7705 1129230.58201 0
2585586.68717 1129275.56117 0
2585496.06738 1129155.83721 0
2585556.72027 1129164.05478 0
2585604.54711 1129178.32792 0
2585382.958 1129114.16534 0
2585400.15592 1129130.04034 0
2585255.958 1129080.43096 0
2585317.93381 1129074.09644 0
2585345.91633 1129087.70701 0
2585167.32258 1129021.56117 0
2585183.85904 1128984.51951 0
2585226.85383 1129003.7018 0
2585113.08357 1128943.51021 0
2585054.62662 1128936.72914 0
2585236.77571 1128963.35284 0
2585285.72362 1128983.19659 0
2585350.84136 1129036.97209 0
2585356.50023 1129040.74458 0
2585356.49967 1129040.74346 0
2585420.66112 1129006.34763 0
2585474.23925 1129039.42055 0
2585420.66169 1129006.34875 0
2585320.78092 1128943.50909 0
2585137.55752 1128861.48937 0
2585146.81737 1128851.56638 0
2584702.56542 1130263.94529 0
2584971.1175 1130303.63279 0
2585107.95726 1130294.86959 0
2585125.81664 1130283.62479 0
2585177.4925 1130302.30987 0
2585464.56542 1130307.60154 0
2585582.8011 1130342.65883 0
2585612.60343 1130347.35217 0
2585663.66438 1130367.79425 0
2585599.65276 1130367.75148 0
2585626.85035 1130315.29899 0
2585132.43065 1130280.97784 0
2585197.25357 1130247.90492 0
2585215.7744 1130226.0768 0
2585282.58226 1130183.08313 0
2585305.73274 1130181.09763 0
2585375.84732 1130203.58722 0
2585414.87393 1130204.91125 0
2585285.88899 1130174.48305 0
2585299.11816 1130163.23826 0
2585342.77497 1130128.84354 0
2585431.40982 1130102.38409 0
2585461.83691 1130087.83201 0
2585475.72753 1130087.83201 0
2585275.30622 1130160.59354 0
2585316.31607 1130164.56117 0
2585332.85253 1130173.16013 0
2585356.6656 1130183.74458 0
2585389.73795 1130193.00388 0
2585363.27961 1130191.68097 0
2585264.06086 1130169.85284 0
2585313.00878 1130176.46742 0
2585334.34081 1130128.18097 0
2585439.51269 1130052.77472 0
2585473.90909 1130025.65604 0
2585584.37206 1129952.23305 0
2585682.92935 1129845.73826 0
2585410.90461 1130095.10805 0
2585439.14605 1130082.24163 0
2585458.52961 1130081.87888 0
2585491.60253 1130066.66534 0
2585500.20149 1130060.71222 0
2585522.69107 1130128.18097 0
2585495.57128 1130091.1393 0
2585491.6031 1130066.66646 0
2585698.63899 1130035.5768 0
2585788.59789 1130036.90083 0
2585698.63956 1130035.57792 0
2585767.43066 1129892.7018 0
2585641.75357 1129978.69138 0
2585668.87393 1129960.83313 0
2585710.54524 1129938.34242 0
2585668.87336 1129960.83201 0
2585584.37263 1129952.23417 0
2585561.86119 1129943.47736 0
2585518.2268 1129929.74458 0
2585314.99316 1129835.81638 0
2585287.37727 1129818.61847 0
2585268.85644 1129797.4518 0
2585506.69556 1129946.52007 0
2585536.0856 1129919.16013 0
2585579.74129 1129849.70589 0
2585494.41373 1129854.99867 0
2585547.33096 1129848.38521 0
2585579.74185 1129849.70701 0
2585653.1643 1129849.70813 0
2585699.76064 1129844.94345 0
2585751.72102 1129838.46222 0
2585653.16373 1129849.70701 0
2585731.71247 1129759.74979 0
2585739.64941 1129751.14972 0
2585770.07649 1129763.71742 0
2585776.69107 1129769.67055 0
2585668.87336 1129751.14972 0
2585709.22232 1129752.47263 0
2585709.22289 1129752.47375 0
2585740.97289 1129716.755 0
2585752.34657 1129705.5411 0
2585760.94553 1129696.28069 0
2585740.97232 1129716.75388 0
2585775.36872 1129723.36958 0
2585849.45206 1129732.63 0
2585780.65982 1130051.4518 0
2585792.56551 1130023.66943 0
2585809.76399 1130001.18097 0
2585821.67081 1129973.40083 0
2585775.36816 1129723.36847 0
2585790.91299 1129617.86698 0
2585799.18066 1129602.98305 0
2585817.70149 1129591.0768 0
2585840.19107 1129543.4518 0
2585823.48925 1129551.3893 0
2585769.24967 1129499.13409 0
2585810.22418 1129513.05673 0
2585798.31793 1129506.44215 0
2585773.21842 1129491.19659 0
2585733.53092 1129489.87367 0
2585744.77571 1129499.13409 0
2585720.96321 1129495.16534 0
2585697.15071 1129499.13409 0
2585672.67618 1129503.10172 0
2585733.16428 1129661.2234 0
2585744.85839 1129631.59112 0
2585743.53547 1129546.263 0
2585681.90126 1129490.56715 0
2585656.10439 1129477.66871 0
2585638.94238 1129477.30596 0
2585629.0205 1129462.75388 0
2585603.22363 1129452.83201 0
2585550.30696 1129432.98826 0
2585509.958 1129417.11326 0
2585466.30175 1129382.71742 0
2585451.83235 1129368.66143 0
2585412.0633 1129339.06341 0
2585539.72363 1129411.16013 0
2585603.22419 1129392.64042 0
2585633.65071 1129385.36326 0
2585716.99446 1129364.19659 0
2585755.35904 1129358.24346 0
2585809.59863 1129339.06117 0
2585886.32779 1129336.41534 0
2585809.59919 1129339.06229 0
2585875.49641 1129369.32289 0
2585933.29133 1129409.83721 0
2585675.32258 1129445.55596 0
2585584.70279 1129432.98826 0
2585550.30639 1129432.98714 0
2585521.20279 1129440.2643 0
2585504.66633 1129390.65492 0
2585549.64607 1129392.64042 0
2585549.6455 1129392.6393 0
2585589.29709 1129365.88225 0
2585620.1735 1129354.77081 0
2585676.39745 1129352.78643 0
2585713.68717 1129348.32159 0
2585757.34342 1129346.99867 0
2585559.53147 1129325.53329 0
2585602.56217 1129268.94659 0
2585513.26529 1129331.12367 0
2585632.98925 1129313.92576 0
2585668.04711 1129311.28104 0
2585679.29133 1129289.4518 0
2585686.56794 1129235.21333 0
2585717.65592 1129330.46221 0
2585730.22363 1129277.54555 0
2585727.57779 1129236.53513 0
2585764.61946 1129368.8268 0
2585754.69758 1129333.10805 0
2585838.0419 1129406.53104 0
2585795.708 1129432.98826 0
2585823.90266 1129428.19268 0
2585980.25431 1129404.54443 0
2585999.43717 1129402.56117 0
2586023.25024 1129397.27062 0
2586113.208 1129378.74867 0
2585902.86425 1129337.0768 0
2585886.32723 1129336.41422 0
2585896.87522 1129343.39267 0
2585948.50488 1129376.7643 0
2585996.79133 1129395.94659 0
2586022.58821 1129461.43096 0
2586023.91169 1129492.52062 0
2585980.25488 1129404.54555 0
2585992.82258 1129454.15492 0
2586023.91113 1129492.51951 0
2586040.44758 1129499.13409 0
2586069.55175 1129543.4518 0
2586093.9898 1129551.75204 0
2586156.70059 1129588.76505 0
2586222.18326 1129662.84503 0
2586226.81404 1129679.3826 0
2586232.76716 1129699.22635 0
2586253.27237 1129721.05448 0
2586277.74576 1129742.88149 0
2586333.63899 1129907.25388 0
2585759.32836 1129238.52062 0
2585727.57836 1129236.53625 0
2585615.13044 1129212.06229 0
2585604.54654 1129178.3268 0
2585582.71842 1128993.77992 0
2585676.39745 1129176.83852 0
2585665.40128 1129104.24458 0
2585617.77571 1128904.48305 0
2585683.26008 1128893.23826 0
2585566.26464 1128980.71612 0
2585625.79589 1128976.74737 0
2585714.43188 1128968.14953 0
2585732.29068 1128957.56508 0
2585734.27506 1128931.10674 0
2585778.5939 1128917.21836 0
2585823.57193 1128910.93227 0
2585874.07629 1128922.12498 0
2585895.00943 1128982.70049 0
2585892.3636 1128942.35154 0
2585883.76464 1128917.21612 0
2585851.35375 1128884.47505 0
2585783.97787 1128871.88199 0
2585786.53027 1128843.79424 0
2585727.18909 1128856.91835 0
2585832.83292 1128883.15213 0
2585812.20855 1128821.50204 0
2585795.79068 1128765.41143 0
2585782.56152 1128714.14841 0
2585817.61938 1128720.76411 0
2585872.51985 1128731.34633 0
2585801.08235 1128696.95049 0
2585817.61881 1128720.76299 0
2585891.04125 1128804.76932 0
2585903.60839 1128811.38279 0
2585994.88964 1128887.45049 0
2585941.97298 1128826.59633 0
2586010.76521 1128898.03495 0
2586069.63443 1128913.90883 0
2586100.06209 1128929.12349 0
2586174.14485 1128982.03904 0
2586194.56794 1128995.10396 0
2586241.53092 1128998.41013 0
2586224.99503 1128998.41125 0
2586194.56738 1128995.10284 0
2586104.60961 1128995.76541 0
2586086.08821 1128999.07159 0
2586104.60904 1128995.7643 0
2586099.31794 1128981.87479 0
2586023.24967 1128985.18096 0
2586005.35439 1128986.86662 0
2585972.31738 1128991.79555 0
2585906.833 1129016.26951 0
2585918.73925 1128921.01951 0
2586010.68196 1128921.68096 0
2586069.63557 1128913.91106 0
2586133.79589 1128929.12237 0
2586213.17146 1128963.51932 0
2586226.40063 1128979.39432 0
2586226.40006 1128979.3932 0
2586263.44173 1128974.76299 0
2586213.17089 1128963.5182 0
2586192.66625 1128921.18599 0
2585985.62979 1128796.17036 0
2585877.81152 1128767.72654 0
2585982.98339 1128782.27862 0
2585993.56729 1128847.76411 0
2585982.98339 1128839.82549 0
2586071.61881 1128884.80466 0
2586012.74902 1128823.28904 0
2586038.54589 1128846.44008 0
2586070.95735 1128864.96091 0
2585832.83235 1128967.81768 0
2585895.01 1129071.0063 0
2585902.16689 1129082.77808 0
2585832.71376 1129062.93433 0
2585935.35839 1129071.33591 0
2585963.05753 1129064.55708 0
2586037.14029 1129077.12367 0
2586003.40592 1129034.12888 0
2585625.79646 1128976.74849 0
2585728.32193 1129044.21612 0
2585738.90527 1129059.42966 0
2585781.23917 1129085.88911 0
2585791.16047 1129093.8255 0
2585771.31672 1129023.04945 0
2585710.46256 1129016.43487 0
2585742.21256 1129042.8932 0
2585728.32193 1129011.1432 0
2585786.44815 1129172.37479 0
2585825.55631 1129176.50779 0
2585733.49501 1129186.62704 0
2585786.44758 1129172.37367 0
2585662.75488 1129202.1393 0
2585751.39029 1129229.25909 0
2585759.32779 1129238.51951 0
2585767.26529 1129257.04034 0
2585789.09342 1129266.96221 0
2585791.73925 1129274.89971 0
2585808.93717 1129283.49867 0
2585822.82779 1129313.92576 0
2585828.11946 1129252.41013 0
2585852.59342 1129262.33201 0
2585891.61946 1129266.96221 0
2585881.69758 1129283.49867 0
2585908.15649 1129235.87479 0
2585914.85318 1129220.8255 0
2585954.54068 1129103.74737 0
2585963.05696 1129064.55596 0
2585974.9273 1129029.19996 0
2586003.40649 1129034.13 0
2585995.46842 1129188.91013 0
2586003.40592 1129166.42055 0
2586012.66633 1129106.22784 0
2586021.92675 1129083.73826 0
2586000.06272 1129056.98121 0
2585905.51008 1129307.31117 0
2585927.33821 1129293.42055 0
2585976.94758 1129237.19659 0
2585908.15592 1129235.87367 0
2585930.64607 1129252.41125 0
2585939.90592 1129254.39451 0
2585930.6455 1129252.41013 0
2585957.76529 1129226.61326 0
2585973.64086 1129218.67687 0
2585792.40128 1129217.35396 0
2585860.49501 1129221.68433 0
2585836.05696 1129241.16534 0
2585771.19814 1129201.84058 0
2586026.55753 1129110.85916 0
2586036.23079 1129111.68487 0
2586088.15583 1129109.70161 0
2586201.26464 1129120.94529 0
2586057.64607 1129255.05708 0
2586090.8011 1129238.02341 0
2586123.12988 1129231.24346 0
2586220.36425 1129210.73826 0
2586039.78613 1129209.41534 0
2586026.55753 1129192.88 0
2586031.60058 1129152.36456 0
2586043.1761 1129070.67445 0
2586039.86881 1129001.88279 0
2586024.986 1129150.04945 0
2586029.86425 1129082.41534 0
2586053.09798 1129041.57029 0
2586056.40583 1129050.17036 0
2586082.20214 1129066.04424 0
2586056.40527 1129050.16924 0
2586074.9261 1129093.16404 0
2586135.78027 1129183.78383 0
2586031.60115 1129152.36568 0
2586114.94433 1129169.56247 0
2586038.87662 1129198.33591 0
2586058.72094 1129197.01411 0
2586090.47037 1129214.21091 0
2586115.27506 1129220.8255 0
2586090.80053 1129238.02229 0
2586049.45995 1129180.14581 0
2586142.31217 1129201.47784 0
2586180.67675 1129186.92576 0
2586200.5205 1129147.23826 0
2586066.87001 1129036.476 0
2586086.17089 1129037.60154 0
2586244.83878 1129031.48416 0
2586162.15592 1129081.09242 0
2586332.81274 1129167.08312 0
2586412.18774 1129231.90604 0
2586457.79189 1129251.44996 0
2586491.56274 1129254.39562 0
2586593.59269 1129264.48286 0
2586279.8955 1129065.21742 0
2586350.01009 1129123.42576 0
2586406.23461 1129159.14562 0
2586479.07714 1129195.02862 0
2586530.00944 1129241.3307 0
2586267.98925 1129180.97263 0
2586406.23404 1129159.14451 0
2586387.05175 1129044.05076 0
2586334.79654 1129004.36326 0
2586414.17154 1129061.24867 0
2586418.80175 1129085.06117 0
2586466.42675 1129128.05596 0
2586507.60253 1129144.09633 0
2586556.55102 1129179.8162 0
2586419.46321 1129024.20701 0
2586529.92732 1129073.8175 0
2586590.8636 1129112.0156 0
2586553.90462 1129195.69008 0
2586590.94628 1129230.74737 0
2586606.82128 1129305.49216 0
2586647.17081 1129361.05578 0
2586539.18717 1129295.40492 0
2586446.58357 1129266.30187 0
2586446.583 1129266.30076 0
2586320.90592 1129303.34242 0
2586267.98925 1129300.69659 0
2586211.10384 1128878.02471 0
2586268.65071 1128916.3893 0
2586317.59863 1128956.0768 0
2586338.76586 1128980.55187 0
2586399.61946 1129012.30076 0
2586466.42732 1129015.60916 0
2586511.40592 1129037.43617 0
2586119.16113 1128783.43617 0
2586161.57714 1128819.65102 0
2586185.27105 1128832.74683 0
2586225.07714 1128843.46352 0
2586301.7242 1128911.76021 0
2586366.54654 1128917.71221 0
2586419.46321 1128956.73825 0
2586430.708 1128979.8893 0
2585968.34863 1128769.54555 0
2586015.31217 1128773.5143 0
2586036.47884 1128764.25388 0
2586064.26065 1128764.255 0
2586119.16226 1128783.43841 0
2586183.98404 1128794.0195 0
2586224.333 1128816.50909 0
2586317.59863 1128849.582 0
2586342.07315 1128857.52062 0
2586388.45735 1128878.19008 0
2586505.45336 1128932.26541 0
2586654.36417 1128981.04797 0
2586723.15527 1129024.7031 0
2586809.14542 1129040.57922 0
2587052.98358 1129129.88844 0
2586492.88509 1128956.73825 0
2586342.07259 1128857.5195 0
2586227.06152 1128800.79945 0
2586301.80745 1128798.81731 0
2586352.07771 1128798.15474 0
2586390.44229 1128804.76932 0
2586574.24503 1128810.55708 0
2586391.10319 1128849.08591 0
2586301.80631 1128798.81508 0
2586128.50423 1128708.85674 0
2586101.9273 1128694.50204 0
2586048.38509 1128706.707 0
2586072.94173 1128726.05466 0
2586145.61946 1128771.52992 0
2586183.98461 1128794.02062 0
2585970.99446 1128702.0768 0
2586023.91169 1128735.81229 0
2586034.45855 1128740.80412 0
2586023.91113 1128735.81117 0
2586100.72354 1128709.51932 0
2586186.0511 1128703.56508 0
2586053.09798 1128681.07549 0
2586152.31673 1128730.68487 0
2586027.96256 1128752.51299 0
2585966.44693 1128740.60674 0
2585868.5511 1128707.53383 0
2586266.08756 1128720.76299 0
2586334.87979 1128760.45161 0
2586341.49438 1128769.71203 0
2586412.15126 1128783.13746 0
2586446.58357 1128790.71333 0
2586544.47884 1128794.0195 0
2586254.84277 1128702.24216 0
2586339.39084 1128736.17392 0
2586387.79589 1128763.75779 0
2586420.86881 1128758.46612 0
2586647.00488 1128870.74867 0
2586698.5992 1128899.1925 0
2586725.02105 1128922.70517 0
2585885.74902 1128597.07029 0
2586119.90527 1128652.63279 0
2586344.14021 1128694.30578 0
2586390.44173 1128804.7682 0
2586404.99381 1128757.80466 0
2586344.13964 1128694.30466 0
2586688.67675 1128920.35805 0
2586703.89086 1128885.30187 0
2586715.79655 1128866.11846 0
2586716.458 1128850.24346 0
2586764.08357 1128787.40604 0
2586775.98982 1128765.57791 0
2586700.583 1128719.27471 0
2586775.98925 1128765.5768 0
2586859.99446 1128811.87888 0
2587066.87364 1128898.04618 0
2587121.77468 1128915.90555 0
2586893.06738 1128861.48825 0
2586906.958 1128878.68617 0
2587067.03092 1128969.96742 0
2587097.42209 1129032.50725 0
2587125.90128 1129066.54146 0
2587149.71321 1129098.29034 0
2587166.25024 1129102.92166 0
2587166.24967 1129102.92055 0
2587240.99446 1129124.74867 0
2587292.58878 1129146.57791 0
2587202.59397 1129146.93954 0
2587276.80577 1129203.27747 0
2587307.89431 1129212.53789 0
2586845.94655 1129025.37691 0
2586924.6601 1129031.33003 0
2586951.11843 1129037.94462 0
2586984.19135 1129031.33003 0
2587017.92572 1129061.75712 0
2587029.17051 1129110.70503 0
2587064.88926 1129141.79357 0
2587147.15006 1129175.5156 0
2587087.61881 1129134.50518 0
2587147.15063 1129175.51672 0
2587224.78873 1129235.54294 0
2587252.23925 1129234.55076 0
2587295.89607 1129249.10396 0
2586760.98436 1129002.78904 0
2586789.42707 1128997.49738 0
2586806.62499 1128988.89842 0
2586859.29709 1128981.57496 0
2586892.91066 1128988.33636 0
2586940.53567 1129006.85719 0
2586984.85281 1129023.39253 0
2586654.3636 1128981.04685 0
2586787.73822 1128975.10607 0
2586864.46739 1128960.55399 0
2586944.50328 1128997.59454 0
2586955.74864 1128979.73628 0
2586955.08718 1128920.86649 0
2586898.56713 1128976.32959 0
2586832.95735 1128949.29685 0
2586703.8903 1128885.30075 0
2586884.01561 1128876.4505 0
2586906.26064 1128901.5385 0
2586986.83718 1128979.73628 0
2586967.65489 1128941.3717 0
2587106.71842 1129170.3893 0
2587145.74446 1129196.18617 0
2587166.91113 1129229.92055 0
2587082.24446 1129223.96742 0
2587111.34863 1129227.93617 0
2587164.2653 1129239.84242 0
2587199.32259 1129240.50388 0
2587218.50488 1129237.85805 0
2587224.78817 1129235.54183 0
2587267.4528 1129284.16013 0
2587295.89551 1129249.10284 0
2587352.11946 1129268.28513 0
2587364.02571 1129286.14451 0
2587472.00879 1129344.5182 0
2587513.14866 1129365.55152 0
2587573.87337 1129398.42706 0
2587644.5673 1129423.23286 0
2587674.74577 1129412.64841 0
2587626.25803 1129397.96298 0
2587435.29842 1129370.3162 0
2587376.42806 1129357.41664 0
2587318.54988 1129334.26448 0
2587291.92676 1129297.3893 0
2587289.28149 1129283.49979 0
2587283.98926 1129270.93096 0
2587289.28092 1129283.49867 0
2587389.16113 1129332.44659 0
2587435.29785 1129370.31508 0
2587457.78743 1129351.13279 0
2587515.99633 1129323.02192 0
2587340.87467 1129215.36846 0
2587351.29264 1129216.52602 0
2587402.88639 1129222.47914 0
2587419.42285 1129244.63799 0
2587468.37077 1129281.34893 0
2587469.36295 1129303.50779 0
2587480.52506 1129304.16924 0
2587467.04842 1129288.95682 0
2587483.91504 1129270.43487 0
2587484.90722 1129246.29164 0
2587478.29264 1129237.69268 0
2587480.27702 1129222.80987 0
2587126.64485 1129286.97133 0
2587022.79589 1129289.61716 0
2587002.95214 1129287.63279 0
2587480.27702 1129317.39841 0
2587515.99577 1129323.02081 0
2587563.29004 1129323.35154 0
2587589.00423 1129330.62758 0
2587563.29061 1129323.35265 0
2587530.13444 1129304.16924 0
2587487.8011 1129308.13799 0
2587590.53928 1129310.65048 0
2587540.92991 1129296.0984 0
2587599.13824 1129286.83798 0
2587632.24451 1129280.51055 0
2587647.21475 1129271.80692 0
2587665.66646 1129267.97732 0
2587748.52504 1129316.71767 0
2587630.67667 1129333.27453 0
2587675.65527 1129350.47133 0
2587676.97819 1129390.15883 0
2587659.11881 1129388.83591 0
2587583.0511 1129375.60674 0
2587516.1617 1129358.90604 0
2587759.66105 1129377.59224 0
2587828.45215 1129404.04945 0
2587803.31673 1129362.37758 0
2587848.95792 1129368.33182 0
2587881.58095 1129372.1661 0
2587930.52887 1129380.1036 0
2587795.37923 1129365.68487 0
2587712.69694 1129316.07549 0
2587909.81152 1129425.87758 0
2588024.24381 1129443.73695 0
2588045.41048 1129452.99737 0
2587839.44946 1129416.61828 0
2587872.52181 1129427.20049 0
2587921.05631 1129469.53383 0
2588021.34993 1129480.44789 0
2588049.37923 1129476.14841 0
2587839.44889 1129416.61716 0
2587292.58821 1129146.5768 0
2587292.01931 1129115.30351 0
2587280.77452 1129074.95455 0
2587269.52973 1129028.65247 0
2587247.7016 1128981.02747 0
2587196.51947 1129000.57222 0
2587272.17556 1129048.49622 0
2587027.18614 1128778.65295 0
2587121.77525 1128915.90667 0
2587400.49848 1129145.7306 0
2587405.53279 1129177.50109 0
2587409.8317 1129184.11456 0
2587397.26513 1129161.62721 0
2587400.49904 1129145.73171 0
2587360.81098 1129065.69414 0
2587337.65993 1129000.20976 0
2587551.55723 1129236.71284 0
2586852.8011 1129224.46352 0
2587084.31209 1129357.08703 0
2587206.68131 1129416.61716 0
2587389.24381 1129498.638 0
2586854.12459 1129257.53755 0
2586864.29451 1129399.255 0
2586854.12402 1129257.53643 0
2586967.89485 1129332.94268 0
2587005.18514 1129375.4425 0
2587075.79524 1129367.66925 0
2587005.18457 1129375.44138 0
2586933.74707 1129386.68617 0
2586892.73665 1129393.30076 0
2586701.57576 1129401.23937 0
2586661.06144 1129402.72765 0
2586680.24373 1129435.13911 0
2586715.30045 1129516.49737 0
2586731.50675 1129580.32922 0
2586727.53743 1129604.1406 0
2586717.61612 1129645.81359 0
2586714.96972 1129713.28123 0
2586731.50675 1129869.8826 0
2586751.68123 1129904.77453 0
2586764.24894 1129991.42557 0
2586775.49316 1130002.00779 0
2586784.22157 1130069.34319 0
2586777.80826 1130124.70831 0
2586767.22493 1130172.33331 0
2586750.68847 1130210.69789 0
2586755.77887 1130237.3536 0
2586755.31868 1130290.73435 0
2586767.22493 1130272.87498 0
2586801.86881 1130247.73956 0
2586689.96376 1130207.91871 0
2586622.16428 1130201.30413 0
2586584.79189 1130305.81454 0
2586629.88964 1130202.76039 0
2586656.89084 1130168.23121 0
2586663.37597 1130143.06378 0
2586565.06673 1130189.53123 0
2586557.54377 1130092.79518 0
2586758.62654 1130190.02844 0
2586600.538 1130110.65344 0
2586557.54264 1130092.79294 0
2586503.30305 1130063.68878 0
2586381.59472 1129964.47003 0
2586303.54264 1129904.27732 0
2586247.31868 1129857.31378 0
2586064.09472 1129907.91534 0
2586088.36741 1129900.67131 0
2586129.5791 1129885.75649 0
2586210.93847 1129899.64711 0
2586443.11035 1129921.80597 0
2586488.66829 1129944.13018 0
2586503.22037 1129954.05206 0
2586537.16689 1129971.11663 0
2586647.63043 1130006.17392 0
2586779.13118 1130117.43227 0
2586743.32975 1130116.10935 0
2586541.13564 1130064.38225 0
2586536.29329 1130000.35414 0
2586387.54785 1129967.11586 0
2586497.92871 1129990.43227 0
2586636.25675 1130029.29406 0
2586684.54321 1130063.6899 0
2586772.5166 1130107.51039 0
2586571.43326 1129830.85544 0
2586669.24641 1129862.44008 0
2586669.24585 1129809.52229 0
2586648.07975 1129728.8255 0
2586636.71637 1129689.6661 0
2586620.95996 1129819.44529 0
2586571.43383 1129830.85656 0
2586577.30371 1129748.99998 0
2586638.81933 1129555.52341 0
2586646.4261 1129531.38018 0
2586680.24316 1129435.138 0
2586668.58496 1129693.10675 0
2586672.96712 1129608.44008 0
2586717.28483 1129578.013 0
2586731.50618 1129580.3281 0
2586624.92871 1129695.09112 0
2586341.24576 1129715.76169 0
2586226.81347 1129679.38149 0
2586232.7666 1129699.22524 0
2586296.06532 1129723.40048 0
2586376.10178 1129752.50465 0
2586484.78222 1129792.49086 0
2586492.63704 1129795.96352 0
2586504.62597 1129803.07419 0
2586315.24762 1129630.13485 0
2585812.74055 1129620.51169 0
2585900.71508 1129613.89823 0
2585980.08951 1129628.44919 0
2586032.34472 1129607.28253 0
2586085.26139 1129605.95961 0
2586132.88639 1129587.43878 0
2586156.69889 1129588.76169 0
2586075.33951 1129697.24086 0
2586046.23591 1129700.54927 0
2586133.54785 1129757.43357 0
2585885.2997 1129652.62444 0
2585937.55491 1129726.04631 0
2585950.12261 1129746.55152 0
2586171.71116 1129554.7286 0
2586165.75803 1129532.90048 0
2586152.52886 1129497.18173 0
2586154.51324 1129422.43694 0
2586106.88824 1129464.77027 0
2586221.32053 1129523.64006 0
2586247.77886 1129524.30152 0
2586536.1747 1129617.56715 0
2586249.10178 1129517.02548 0
2586288.78928 1129487.92131 0
2586440.26324 1129542.82235 0
2586152.73014 1129453.82419 0
2586291.14029 1129427.03513 0
2586361.91634 1129421.08201 0
2586478.333 1129394.62367 0
2586544.89225 1129509.55206 0
2586472.34397 1129364.89006 0
2586536.62402 1129412.31768 0
2586556.46834 1129448.03755 0
2586556.46777 1129448.03643 0
2586544.89282 1129509.55318 0
2586531.66308 1129653.08852 0
2586516.44954 1129762.8906 0
2586504.62654 1129803.07531 0
2586493.95996 1129873.35414 0
2586469.486 1129911.05727 0
2586443.11091 1129921.80708 0
2586464.19433 1129901.79685 0
2586479.40787 1129870.70831 0
2586484.78279 1129792.49198 0
2586503.22094 1129687.48547 0
2586464.85579 1129541.30206 0
2586481.39225 1129522.11977 0
2586502.55891 1129504.26039 0
2586747.2985 1129519.47393 0
2586785.00162 1129510.87497 0
2586837.25683 1129502.93747 0
2586874.05102 1129499.30057 0
2586913.07706 1129517.15995 0
2586813.44433 1129587.27341 0
2586792.82053 1129544.80673 0
2586785.00219 1129510.87609 0
2586934.24373 1129566.10786 0
2586907.78483 1129555.52341 0
2586801.29003 1129484.08591 0
2586647.17024 1129361.05466 0
2586900.67415 1129477.30596 0
2586913.07649 1129517.15883 0
2586963.3479 1129603.81099 0
2586982.52962 1129619.68487 0
2587087.0406 1129667.31099 0
2586858.83691 1129603.14841 0
2586727.538 1129604.14172 0
2586815.31012 1129650.64006 0
2586994.68392 1129665.65622 0
2587004.60579 1129664.66404 0
2587087.04004 1129667.30987 0
2587142.10644 1129668.46742 0
2587274.39811 1129704.84763 0
2587329.29915 1129713.44659 0
2587356.41951 1129710.80187 0
2587424.54915 1129772.31638 0
2587592.55957 1129828.54034 0
2587627.61686 1129837.1393 0
2587775.78353 1129859.62888 0
2587844.24446 1129869.22003 0
2587855.48926 1129869.22003 0
2584673.50803 1128671.68173 0
2585294.40526 1130231.2031 0
2585484.90527 1130244.43227 0
2585529.88443 1130239.80206 0
2585581.47818 1130237.48696 0
2585510.78482 1130136.77992 0
2585592.72297 1130263.61456 0
2585529.88387 1130239.80094 0
2585650.93131 1130284.78123 0
2585759.78798 1130332.76897 0
2585650.93187 1130284.78235 0
2585655.1122 1130271.08798 0
2585661.68001 1130245.42446 0
2585409.5817 1130218.80076 0
2585456.54524 1130198.29555 0
2585567.58756 1130091.96612 0
2585554.35839 1130081.38279 0
2585610.79449 1130106.38485 0
2585626.45735 1130113.13279 0
2585759.41047 1130136.94529 0
2585820.9261 1130138.92966 0
2585854.42051 1130148.53316 0
2586032.80491 1130236.03069 0
2585834.57676 1130160.43941 0
2585825.31634 1130188.22066 0
2585809.23199 1130207.58798 0
2585826.63926 1130241.13733 0
2585710.46256 1130187.87758 0
2585632.41047 1130129.66925 0
2585605.50282 1130179.80673 0
2585618.73199 1130206.26506 0
2585624.02366 1130238.01506 0
2585670.9872 1130282.99423 0
2585359.44032 1130428.51506 0
2585548.40583 1130372.42557 0
2585500.11881 1130406.82029 0
2585531.86937 1130384.33182 0
2585624.63891 1130437.90995 0
2585683.34277 1130501.40883 0
2585624.63834 1130437.90883 0
2585773.46646 1130435.92446 0
2585786.36433 1130437.24625 0
2585801.90974 1130438.57141 0
2585895.1748 1130439.23175 0
2585889.92991 1130423.88486 0
2585831.06011 1130396.76506 0
2585768.22157 1130484.07756 0
2585704.01334 1130504.71612 0
2585828.36751 1130370.44008 0
2585875.99251 1130314.87758 0
2585917.0497 1130259.84319 0
2585733.16428 1130362.36923 0
2585828.36864 1130370.44232 0
2585913.69563 1130385.65362 0
2586012.2997 1130395.44215 0
2586195.52366 1130426.53069 0
2586277.01206 1130461.37234 0
2586361.67816 1130461.37122 0
2586243.14866 1130576.02027 0
2585913.6962 1130385.65474 0
2585991.08626 1130256.66925 0
2586402.34798 1130450.47654 0
2586719.84798 1130381.68487 0
2586797.45074 1130343.8484 0
2586535.51324 1130269.76506 0
2585792.56607 1130023.67055 0
2585866.65054 1130011.76654 0
2585938.00422 1130011.59893 0
2585982.32193 1130012.92185 0
2586083.52506 1130054.59373 0
2585924.85831 1130047.48417 0
2585950.57307 1129986.46575 0
2585950.57193 1129986.46352 0
2585891.70214 1129962.65102 0
2585845.39949 1129860.12386 0
2585836.13964 1129778.10414 0
2585836.8011 1129752.96873 0
2585851.35318 1129709.31248 0
2585915.72678 1129779.62444 0
2585945.49241 1130058.0984 0
2585893.89866 1129921.17652 0
2585967.98199 1129958.21819 0
2585977.90386 1129980.04631 0
2586128.05491 1130060.74423 0
2586162.45074 1130062.7286 0
2586187.58616 1130075.95777 0
2585954.09136 1129888.76506 0
2586134.66949 1129899.3484 0
2586151.86741 1129902.65569 0
2586158.48199 1130039.57756 0
2586200.81532 1130060.74423 0
2586656.67871 1129685.8307 0
2586717.61556 1129645.81247 0
2586752.59016 1129699.05987 0
2586778.38704 1129730.80987 0
2586740.68391 1129652.09633 0
2586752.59073 1129699.06099 0
2586763.83552 1129737.42557 0
2586757.10178 1129796.82235 0
2586757.22037 1129892.2057 0
2586798.23079 1129943.79945 0
2586801.95206 1129969.59745 0
2586808.15323 1130018.54536 0
2586822.70475 1130045.00258 0
2586805.92081 1130058.23286 0
2586835.27189 1130031.7723 0
2586889.92545 1129998.03904 0
2586764.24837 1129991.42445 0
2586801.95149 1129969.59633 0
2586811.87337 1129964.30466 0
2586840.97753 1129947.7682 0
2586910.43123 1129916.68078 0
2586751.68066 1129904.77341 0
2586770.86295 1129907.41925 0
2586982.77767 1129927.263 0
2587007.66504 1129936.52341 0
2587095.63899 1129951.73695 0
2586904.31274 1130098.74719 0
2587030.07194 1130157.11977 0
2587085.84657 1130172.53069 0
2587213.95735 1130208.71352 0
2586961.28027 1130067.16143 0
2586953.34277 1130030.11977 0
2586928.20735 1130032.7656 0
2587176.91569 1130064.5156 0
2587217.9261 1130061.86977 0
2586808.15266 1130018.54425 0
2586849.82454 1130053.60154 0
2586904.97363 1130080.88669 0
2586927.09657 1130088.52548 0
2586909.60441 1130065.01281 0
2586938.21191 1130009.28383 0
2586929.861 1130062.86195 0
2586877.4872 1130067.35881 0
2586858.17545 1129984.14841 0
2586889.92602 1129998.04016 0
2587032.80045 1130011.92966 0
2586912.87522 1129966.15569 0
2586962.93392 1129937.18487 0
2587004.60579 1129914.03383 0
2587052.44293 1129927.12965 0
2587072.94814 1129915.88485 0
2587075.38183 1129900.1432 0
2587138.43251 1129822.61923 0
2587124.54189 1129946.31194 0
2587182.12467 1129964.47003 0
2587239.42293 1129938.50667 0
2587366.67155 1129900.30857 0
2587381.2242 1129896.34094 0
2587214.50022 1129995.92131 0
2587239.4235 1129938.50779 0
2587176.58496 1129888.23695 0
2587157.6148 1129869.58277 0
2587066.99501 1129867.5984 0
2587012.75543 1129826.58798 0
2587019.15787 1129811.50779 0
2587005.92871 1129792.65623 0
2587119.91168 1129872.2286 0
2587029.95334 1129864.95256 0
2586948.59397 1129814.02027 0
2586984.97418 1129794.83798 0
2587081.54709 1129787.56194 0
2587159.59918 1129785.57756 0
2587244.9273 1129786.90048 0
2586874.95996 1129740.07029 0
2586993.361 1129741.3932 0
2587030.40323 1129739.40995 0
2587137.1096 1129752.50465 0
2587030.40267 1129739.40883 0
2587005.92928 1129792.65734 0
2586869.66772 1129749.99104 0
2586857.10058 1129775.78904 0
2586827.99641 1129834.65883 0
2586857.10115 1129775.79016 0
2586910.01725 1129793.64841 0
2586951.90126 1129771.02548 0
2586840.9781 1129947.76932 0
2586904.93772 1130123.58277 0
2587145.70855 1129709.50985 0
2587170.18251 1129724.06194 0
2587276.6773 1129808.06715 0
2587336.87001 1129831.87965 0
2587430.7971 1129881.48902 0
2587539.9742 1129934.70552 0
2587359.39494 1129892.36995 0
2587317.72363 1129891.04815 0
2587443.40071 1129951.90232 0
2587338.85439 1129753.82756 0
2587538.15519 1129914.03495 0
2587572.38566 1129979.68469 0
2587586.93774 1130016.0649 0
2587628.93921 1129798.7736 0
2587625.63305 1129868.89042 0
2587631.91634 1129979.68357 0
2587625.46712 1130022.513 0
2587630.75879 1130091.30466 0
2587624.80623 1130109.82661 0
2587610.71376 1130140.78069 0
2587606.74501 1130156.65569 0
2587594.37915 1130198.46203 0
2587568.58284 1130220.29127 0
2587557.2641 1129181.44935 0
2587688.23285 1129194.01705 0
2587970.01467 1129259.50255 0
2588066.58702 1129225.76705 0
2587688.23342 1129194.01817 0
2587671.69639 1129063.0483 0
2587691.41168 1129241.85881 0
2588000.84473 1129336.5807 0
2588149.67342 1129438.4464 0
2588081.46983 1129367.31914 0
2588146.29332 1129390.4713 0
2588223.68337 1129399.06914 0
2588114.74501 1129289.48381 0
2588204.50108 1129355.41289 0
2588223.68394 1129399.07026 0
2588237.57457 1129422.88276 0
2588256.75686 1129434.78901 0
2588426.75165 1129456.61713 0
2588195.31348 1129443.07549 0
2587932.84397 1129409.86923 0
2588164.55566 1129461.59633 0
2588106.01717 1129410.0037 0
2588121.1579 1129401.71609 0
2588121.15733 1129401.71497 0
2588170.76671 1129431.4806 0
2588149.67285 1129438.44529 0
2588170.76728 1129431.48171 0
2588187.30317 1129429.49622 0
2588187.30373 1129429.49734 0
2588222.36103 1129448.01817 0
2588244.85061 1129463.89317 0
2588348.03811 1129487.04421 0
2588281.89171 1129444.04831 0
2588222.36046 1129448.01706 0
2588426.75108 1129456.61601 0
2588297.76728 1129505.56505 0
2588196.56358 1129498.94935 0
2588133.13639 1129514.51299 0
2588297.76671 1129505.56393 0
2588355.51585 1129504.45777 0
2588121.23071 1129525.7589 0
2588106.67806 1129548.24737 0
2588115.40647 1129558.69735 0
2588094.11035 1129581.32029 0
2588073.60571 1129591.90474 0
2588068.31348 1129611.08591 0
2588132.47493 1129495.99216 0
2588150.33431 1129529.72654 0
2588155.95671 1129545.93227 0
2588180.76196 1129564.12349 0
2588305.77702 1129621.33852 0
2588332.89738 1129640.52192 0
2588420.87077 1129706.66664 0
2588462.04712 1129708.48677 0
2588014.07446 1129544.27974 0
2588073.60514 1129591.90362 0
2588123.21452 1129636.22133 0
2588349.5992 1129767.35656 0
2588001.50618 1129547.91664 0
2588045.16243 1129538.65622 0
2588045.16243 1129545.93227 0
2588065.00561 1129535.34781 0
2588089.48014 1129522.78122 0
2588021.3505 1129480.44901 0
2588065.00618 1129535.34893 0
2588121.23014 1129525.75779 0
2588121.8916 1129544.94008 0
2588132.47493 1129530.38799 0
2588190.83851 1129324.29449 0
2588308.89053 1129415.93304 0
2588237.574 1129422.88164 0
2588437.99587 1129397.74622 0
2588270.71973 1129518.48174 0
2588180.76139 1129564.12237 0
2588412.86046 1129518.13164 0
2588373.17296 1129646.45456 0
2588509.43337 1129489.02747 0
2588469.08442 1129653.06914 0
2588373.17353 1129646.45567 0
2588406.2453 1129673.57323 0
2588469.08499 1129653.07026 0
2588525.30837 1129676.88164 0
2588421.45942 1129618.67331 0
2588290.49067 1129655.71497 0
2587355.39085 1129412.51506 0
2587602.89485 1129508.55987 0
2588149.10295 1129724.07521 0
2588268.98397 1129810.84745 0
2588330.42021 1129845.8168 0
2588838.84019 1130131.96609 0
2588832.29785 1130088.3281 0
2588856.03754 1130007.61081 0
2588965.83963 1129865.39726 0
2588666.86046 1130011.57956 0
2588703.24124 1129999.01297 0
2588949.96463 1129801.89726 0
2588582.92806 1129757.59893 0
2588772.03233 1129703.33997 0
2588596.08442 1129907.7306 0
2588638.41775 1129891.8556 0
2588751.06793 1129825.92652 0
2588562.42285 1130015.56768 0
2588574.99056 1129983.15622 0
2588594.83431 1129942.80727 0
2588594.83431 1129889.8906 0
2588593.51139 1129822.42185 0
2588580.28166 1129778.10302 0
2588582.92863 1129757.60005 0
2588582.2666 1129730.47914 0
2588623.86567 1129842.24622 0
2588726.39171 1129772.13164 0
2588629.39551 1129635.06378 0
2588462.04655 1129708.48565 0
2588395.23926 1129742.88148 0
2588349.59863 1129767.35544 0
2588336.36947 1129776.61586 0
2588268.9834 1129810.84633 0
2588442.86483 1129768.67948 0
2588466.43858 1129788.6681 0
2588442.86426 1129768.67836 0
2588563.24968 1129713.11586 0
2588630.05697 1129662.84503 0
2588606.07967 1130001.67818 0
2588612.62087 1129958.66289 0
2588633.12608 1129936.17331 0
2588882.16515 1129776.10039 0
2588898.44369 1130098.91143 0
2588832.29842 1130088.32922 0
2588805.17806 1130079.06768 0
2588762.18327 1130057.90102 0
2588729.03754 1130043.32956 0
2588703.24067 1129999.01185 0
2588787.98014 1130125.36977 0
2588776.07446 1130172.33443 0
2588787.98071 1130125.37088 0
2588838.83963 1130131.96497 0
2588880.5115 1130113.44414 0
2588574.99113 1129983.15734 0
2588504.21452 1129929.5781 0
2588415.08301 1129857.97523 0
2588504.21509 1129929.57922 0
2588519.55751 1129840.4786 0
2588444.18717 1129844.74607 0
2588458.73926 1129834.82419 0
2588415.08358 1129857.97635 0
2588238.47306 1129938.67203 0
2588404.92296 1129798.58997 0
2588458.73983 1129834.82531 0
2587602.89542 1129508.56099 0
2587701.45215 1129599.84112 0
2588000.43131 1129751.31508 0
2588100.22884 1129801.75128 0
2587866.15584 1129626.96203 0
2587978.60319 1129702.36716 0
2588036.81152 1129726.17966 0
2588082.36947 1129719.73044 0
2588120.73462 1129803.07531 0
2588127.34863 1129861.94399 0
2588171.66634 1129844.74607 0
2588093.61369 1129862.60433 0
2588073.77051 1129876.49607 0
2587946.10905 1129951.24086 0
2587924.94238 1129967.77732 0
2588067.81795 1129795.79927 0
2587944.78613 1129786.53774 0
2588120.73405 1129803.07419 0
2588194.15592 1129822.25648 0
2588311.23405 1129972.40753 0
2588294.36686 1129965.46221 0
2588102.83876 1129889.42652 0
2588073.77108 1129876.49719 0
2587911.7959 1129794.30987 0
2587836.38965 1129767.19008 0
2587848.95736 1129795.63279 0
2587789.42611 1129766.52862 0
2587768.25944 1129737.42445 0
2587663.08756 1129673.92445 0
2587590.32715 1129603.14841 0
2587413.71777 1129519.1432 0
2587265.5511 1129485.40883 0
2587196.64085 1129456.83277 0
2587023.33876 1129425.08277 0
2587409.63043 1129611.61402 0
2587630.55751 1129749.19735 0
2587883.2346 1130053.46819 0
2587866.03668 1129991.2911 0
2587866.03668 1129970.12444 0
2587838.25543 1129836.50985 0
2587699.34918 1129730.67652 0
2587621.2971 1129700.24944 0
2587556.47418 1129671.14527 0
2587313.05751 1129581.18694 0
2587221.77626 1129545.46819 0
2587089.48459 1129501.81194 0
2587625.63248 1129868.8893 0
2587742.38045 1129973.73156 0
2587777.17299 1130002.66271 0
2587806.87207 1130026.97784 0
2588004.94293 1129983.3536 0
2588072.41168 1129996.58277 0
2587736.16257 1130062.85542 0
2587709.96899 1130098.08573 0
2587668.46191 1130142.89841 0
2587649.27962 1130170.0182 0
2587533.35905 1130012.75649 0
2587421.73795 1130045.00258 0
2587358.23795 1130041.03383 0
2587282.83227 1130025.82141 0
2587231.23795 1130020.52862 0
2588255.17546 1130185.23175 0
2588201.59733 1130164.06508 0
2588116.93066 1130148.19008 0
2587971.4104 1130101.22766 0
2587933.83616 1130096.46298 0
2587887.90071 1130093.4544 0
2587771.64941 1130083.36716 0
2587668.46248 1130142.89953 0
2587886.5778 1130111.31378 0
2587937.14345 1130130.19735 0
2588041.52498 1130163.40474 0
2588201.59847 1130205.07773 0
2587773.53497 1130057.23302 0
2587880.62467 1130050.45961 0
2587827.87394 1130219.6287 0
2587815.1403 1130181.42836 0
2587781.40592 1130135.12628 0
2587709.96842 1130098.08461 0
2587571.02626 1130097.12444 0
2587531.33876 1130110.3536 0
2587495.62001 1130140.78069 0
2587455.93251 1130164.59319 0
2587443.56608 1130203.09112 0
2587392.13826 1130289.57792 0
2587355.59212 1130306.27862 0
2587568.5817 1130220.28904 0
2587450.84212 1130265.92966 0
2587392.13712 1130289.57568 0
2587649.28076 1130170.02044 0
2587674.54449 1130173.19215 0
2587699.01845 1130188.40569 0
2587732.75282 1130194.35881 0
2587767.01977 1130205.07661 0
2587827.87337 1130219.62758 0
2587869.54525 1130228.22654 0
2587882.11352 1130234.18078 0
2587921.30379 1130247.57308 0
2587970.08691 1130264.60675 0
2588142.72754 1130304.9557 0
2588215.48852 1130308.92557 0
2588241.94686 1130315.54016 0
2588332.56665 1130345.30578 0
2587922.9221 1130152.68694 0
2587940.45074 1130154.00985 0
2587932.18251 1130185.75985 0
2587900.76324 1130208.24944 0
2588130.62001 1130172.53069 0
2588206.02626 1130192.37444 0
2588338.31793 1130250.58277 0
2588445.47418 1130302.17652 0
2587249.55751 1130019.07235 0
2587518.1096 1129985.99944 0
2588346.25543 1130020.39527 0
2588290.69293 1130004.52027 0
2588225.87001 1129974.09319 0
2588183.53668 1129968.80152 0
2588239.09918 1129975.4161 0
2588217.93251 1130057.43694 0
2588203.38043 1130273.07235 0
2588288.0471 1130102.4161 0
2588327.7346 1130081.24944 0
2588318.47418 1130176.49944 0
2588338.31793 1130176.49944 0
2588334.34918 1130318.05152 0
2588224.5471 1130253.2286 0
2588246.04449 1130265.79631 0
2588422.9846 1130353.77027 0
2588213.96376 1130370.96819 0
2588213.96376 1130386.84319 0
2588213.96376 1130402.71819 0
2588223.55491 1130474.81715 0
2588207.67991 1130484.07756 0
2588197.62858 1130506.7005 0
2588196.96769 1130540.43599 0
2588169.18644 1130759.3787 0
2588227.52366 1130497.96819 0
2588232.02441 1130544.40362 0
2588327.27441 1130364.48695 0
2588403.34269 1130341.99849 0
2588332.56608 1130345.30466 0
2588319.99894 1130381.68599 0
2588315.82835 1130405.36402 0
2588316.03019 1130418.72766 0
2588309.54449 1130457.61923 0
2588304.25283 1130478.7859 0
2588293.00803 1130493.99944 0
2588280.31087 1130554.98696 0
2588435.91895 1130183.74346 0
2586893.69293 1130209.57235 0
2586913.53668 1130284.9786 0
2587156.95335 1130107.70777 0
2587241.62001 1130335.24944 0
2587003.49501 1130239.99944 0
2587397.42936 1130306.77472 0
2587402.059 1130352.08349 0
2587412.47754 1130448.49216 0
2587378.24707 1130355.72263 0
2587462.25228 1130348.44659 0
2587570.06998 1130314.05076 0
2587630.26326 1130297.51542 0
2587355.59269 1130306.27974 0
2587397.42879 1130306.7736 0
2587572.05436 1130286.26951 0
2587630.26269 1130297.5143 0
2587676.39998 1130340.67557 0
2587697.07055 1130353.40865 0
2587722.20654 1130363.66237 0
2587715.59139 1130396.07271 0
2587720.88305 1130412.27844 0
2587712.69694 1130502.40102 0
2587706.08179 1130542.0874 0
2587694.75545 1130582.27323 0
2587702.69238 1130612.6992 0
2588113.4221 1130414.62444 0
2588021.81012 1130419.25465 0
2588102.83876 1130363.03069 0
2588133.26585 1130364.3536 0
2588027.43251 1130349.80152 0
2587987.74501 1130352.44735 0
2587918.95335 1130344.50985 0
2587859.4221 1130339.21819 0
2587764.1721 1130319.37444 0
2587729.77626 1130316.7286 0
2587703.64866 1130327.31194 0
2587689.75803 1130332.6036 0
2587622.62001 1130365.67652 0
2587552.50543 1130398.74944 0
2587485.03668 1130401.39527 0
2587343.4846 1130466.21819 0
2588061.82835 1130333.92652 0
2588041.9846 1130316.7286 0
2588012.88043 1130296.88485 0
2588146.49501 1130348.4786 0
2587912.66949 1130302.83798 0
2587830.64866 1130305.48381 0
2587806.83616 1130312.0984 0
2588465.31793 1130635.55152 0
2588446.7971 1130631.58277 0
2588392.55751 1130603.80152 0
2588161.90983 1130540.43487 0
2588028.95727 1130474.95161 0
2587998.65908 1130457.61923 0
2587917.63043 1130414.62444 0
2587828.66428 1130367.6609 0
2587808.82053 1130359.06194 0
2587778.39345 1130343.8484 0
2588380.65126 1130434.46819 0
2588461.34918 1130463.57236 0
2588479.87001 1130475.47861 0
2588380.65126 1130418.59319 0
2588457.38043 1130435.79111 0
2588395.20335 1130636.87444 0
2588379.32835 1130397.42652 0
2588465.31793 1130251.90569 0
2588444.15126 1130648.78069 0
2588497.06793 1130381.55152 0
2588106.80751 1130208.24944 0
2588204.70335 1130242.64527 0
2587319.04655 1130442.04294 0
2587352.94629 1130474.9505 0
2587399.08414 1130498.9306 0
2587467.21378 1130532.0024 0
2587525.42268 1130546.5556 0
2587534.68253 1130559.78365 0
2587675.57259 1130607.40753 0
2587702.69295 1130612.70031 0
2587827.04598 1130633.86474 0
2587661.68196 1130579.62628 0
2587694.75488 1130582.27211 0
2587352.94685 1130474.95162 0
2587438.7705 1130477.10024 0
2587524.75952 1130498.26579 0
2587581.64551 1130519.43357 0
2587639.19295 1130530.01802 0
2587692.10905 1130557.1367 0
2587469.19759 1130576.31899 0
2587419.58821 1130590.20961 0
2587379.90014 1130590.20849 0
2587350.79655 1130594.17836 0
2587324.33821 1130594.83982 0
2587221.81217 1130601.4544 0
2587147.72884 1130601.4544 0
2587100.7653 1130600.79295 0
2587113.49837 1130590.70571 0
2587211.72493 1130626.42446 0
2587382.71191 1130686.61716 0
2587180.1403 1130628.5742 0
2587211.7255 1130626.42557 0
2587276.87915 1130625.76412 0
2587377.25431 1130620.63558 0
2587404.37581 1130619.97747 0
2587377.25488 1130620.6367 0
2587350.79598 1130594.17724 0
2587379.90071 1130590.20961 0
2587508.18772 1130657.37965 0
2587566.39605 1130678.87704 0
2587597.4846 1130690.45256 0
2587479.08355 1130699.05152 0
2587563.86881 1130703.81508 0
2587662.30751 1130679.20777 0
2587841.59863 1130733.08461 0
2587414.26064 1130667.96298 0
2587568.38043 1130663.6635 0
2587622.65592 1130669.58461 0
2587507.64485 1130709.10675 0
2587420.87522 1130706.98902 0
2587464.73331 1130730.93599 0
2587672.43066 1130855.28904 0
2587731.87923 1130880.09373 0
2587780.24837 1130893.65362 0
2587178.32129 1130582.10675 0
2587561.88501 1130742.18078 0
2587709.38965 1130827.50779 0
2587842.42545 1130746.80987 0
2587194.85774 1130665.4505 0
2587261.79449 1130685.1609 0
2587376.75935 1130739.53495 0
2587530.7959 1130858.92706 0
2587376.75879 1130739.53383 0
2587507.7281 1130767.3162 0
2587464.73274 1130730.93487 0
2587606.94629 1130851.32029 0
2587709.38965 1130901.26039 0
2587745.85311 1130912.17557 0
2587774.4247 1130926.59319 0
2587791.4943 1130937.97357 0
2587811.33805 1130945.91107 0
2587880.0459 1130978.65102 0
2587917.83114 1131000.80875 0
2587946.93587 1131018.66925 0
2587999.19108 1131045.78904 0
2587614.8011 1130962.11456 0
2587674.67239 1130928.69042 0
2587808.19498 1130853.47003 0
2587705.10004 1130996.82175 0
2587710.9247 1130947.75986 0
2587713.03754 1130928.36081 0
2587745.85254 1130912.17446 0
2587666.73602 1130980.61713 0
2587776.44498 1130981.79295 0
2587843.25228 1130764.83461 0
2587830.02311 1131014.2044 0
2587821.83756 1130993.86456 0
2587811.33691 1130945.90883 0
2587829.36165 1130890.5117 0
2587848.54394 1130786.00128 0
2587837.29915 1130698.68878 0
2587835.9768 1130684.79927 0
2587827.04655 1130633.86586 0
2587814.14811 1130561.7669 0
2587874.75423 1130680.99477 0
2587944.20736 1130660.48956 0
2587951.4834 1130655.19789 0
2587958.76058 1130677.68971 0
2587987.86361 1130669.41925 0
2587951.48397 1130655.19901 0
2587916.42611 1130611.54164 0
2587908.48861 1130513.64581 0
2587907.82715 1130497.10935 0
2587910.02366 1130464.23381 0
2587910.47241 1130411.11865 0
2587818.53027 1130486.52602 0
2587886.99121 1130499.75518 0
2587965.37459 1130491.8188 0
2588028.9567 1130474.9505 0
2587968.01986 1130463.37498 0
2587961.65332 1130542.58461 0
2587721.54394 1130373.58201 0
2587643.49186 1130403.0169 0
2587590.24446 1130419.55336 0
2587558.49446 1130430.79815 0
2587489.7028 1130458.5794 0
2587389.1617 1130551.84615 0
2587298.54134 1130525.3867 0
2587338.22884 1130541.92315 0
2587669.61946 1130631.88149 0
2587809.18717 1130654.37107 0
2587315.0778 1130576.31899 0
2587295.8955 1130571.68878 0
2587274.8942 1130543.08071 0
2587229.91504 1130562.92446 0
2587373.45149 1130460.39841 0
2587633.90185 1130506.8681 0
2587665.07194 1130519.59893 0
2587590.24503 1130419.55448 0
2587602.81217 1130446.67315 0
2587617.36426 1130452.62628 0
2587669.62003 1130631.8826 0
2587668.95801 1130647.09503 0
2587865.16308 1130669.08852 0
2587897.57454 1130581.11456 0
2587917.74902 1130602.28123 0
2588017.87785 1130583.59615 0
2587643.49243 1130403.01802 0
2587824.06999 1130457.25649 0
2587863.72157 1130482.75465 0
2587874.4235 1130491.81768 0
2587961.65389 1130542.58573 0
2588052.93457 1130596.82419 0
2588064.17936 1130612.69919 0
2588088.15723 1130624.44008 0
2587371.63248 1130296.19138 0
2587376.26269 1130253.19659 0
2587339.18512 1130096.46298 0
2587053.43512 1130209.57235 0
2587687.77366 1130276.37965 0
2587708.94032 1130231.40048 0
2587726.13824 1130269.76506 0
2587740.02887 1130212.87965 0
2587925.2372 1130220.15569 0
2587972.8622 1130243.96819 0
2588039.66949 1130255.21298 0
2588118.38303 1130265.13485 0
2588173.94553 1130466.87965 0
2588159.39345 1130465.55673 0
2587932.51324 1130373.61402 0
2588453.74241 1130424.54631 0
2588448.45074 1130389.48902 0
2587734.2042 1130973.00925 0
2587752.06358 1130967.71758 0
2587791.49316 1130937.97133 0
2587864.83235 1130987.24998 0
2587901.9567 1130960.46091 0
2587944.86881 1130910.52081 0
2588031.60368 1130854.62982 0
2588075.92025 1130831.47654 0
2588105.60376 1130807.33443 0
2588142.85699 1130771.15048 0
2588152.15389 1130750.28365 0
2588105.60319 1130807.33331 0
2588088.736 1130778.22914 0
2588082.78288 1130754.41664 0
2588125.77767 1130771.61456 0
2588082.78345 1130754.41776 0
2588029.86621 1130733.24998 0
2587961.07454 1130696.53904 0
2587922.0485 1130729.28123 0
2587961.07511 1130696.54016 0
2587990.51001 1130662.14432 0
2587974.63444 1130663.13539 0
2588057.39941 1130648.91404 0
2588067.65202 1130642.96091 0
2588088.15779 1130624.4412 0
2588113.75283 1130610.41611 0
2588140.74316 1130604.2656 0
2588100.3942 1130639.65362 0
2588122.88436 1130630.39432 0
2588107.00879 1130658.17446 0
2588129.8291 1130615.51039 0
2588140.74373 1130604.26672 0
2588196.96712 1130540.43487 0
2588118.41894 1130549.86065 0
2588161.9104 1130540.43599 0
2588197.62858 1130523.23696 0
2588107.58756 1130731.59633 0
2588152.15332 1130750.28253 0
2588246.57707 1130812.95682 0
2588240.75283 1130888.22861 0
2588243.26977 1130842.06099 0
2588246.5765 1130812.95571 0
2588247.23796 1130646.92966 0
2588252.52962 1130600.62758 0
2588269.72754 1130553.66404 0
2588247.23852 1130646.93078 0
2588282.29525 1130596.3281 0
2588295.85514 1130560.94008 0
2588174.6429 1130832.30336 0
2588275.68066 1130814.27862 0
2588309.54449 1130810.83798 0
2588292.87858 1130749.45571 0
2588306.10775 1130732.91925 0
2588320.78928 1130679.20777 0
2588308.75301 1130565.56917 0
2588296.5166 1130558.95571 0
2588298.2997 1130540.30152 0
2588304.91428 1130476.80152 0
2588286.92546 1130475.61195 0
2587842.42602 1130746.81099 0
2587978.68587 1130803.03383 0
2588020.35775 1130814.94008 0
2588087.95595 1131029.78069 0
2588064.84025 1130967.9012 0
2588061.53296 1130938.13558 0
2588046.81608 1130916.80466 0
2588031.60254 1130854.62758 0
2588023.00415 1130824.20162 0
2588011.09733 1130764.00779 0
2587996.79329 1130714.06768 0
2588039.78808 1130748.46352 0
2588047.06413 1130804.02602 0
2588058.06087 1130830.15362 0
2588120.23852 1130832.13912 0
2588139.42025 1130825.52341 0
2588226.07129 1130844.70571 0
2588273.69629 1130838.75258 0
2588174.60699 1130939.82236 0
2588061.53353 1130938.1367 0
2588123.04915 1130902.41795 0
2588032.264 1131009.40883 0
2588091.26324 1131043.67131 0
2588026.97233 1131001.47133 0
2587997.79535 1130988.55352 0
2587935.82053 1130968.26506 0
2587901.95727 1130960.46203 0
2587860.94629 1130947.23175 0
2587830.5192 1130926.06508 0
2587821.25936 1130917.46724 0
2587830.51977 1130926.0662 0
2587850.28027 1130890.34633 0
2587876.07715 1130875.79425 0
2588026.9729 1131001.47245 0
2587669.38129 1130963.08737 0
2587744.65907 1130927.91611 0
2585592.27366 1129624.84319 0
2585598.88824 1129577.21819 0
2585702.7372 1129690.98902 0
2585728.53407 1129681.06715 0
2585090.22678 1129476.01506 0
2585023.41949 1129485.27548 0
2584949.99761 1129489.90569 0
2584848.46376 1129464.77027 0
2586378.41689 1129371.50465 0
2586523.27626 1129381.42652 0
2585669.33355 1129406.56194 0
2585730.18772 1129442.94215 0
2585792.3648 1129489.24423 0
2585815.51584 1129528.27027 0
2585801.62522 1129520.99423 0
2585332.98199 1129877.35491 0
2584923.53928 1129995.75595 0
2584352.03928 1129659.07366 0
2585485.15388 1129708.8175 0
2585450.86848 1129716.20028 0
2585423.60178 1129713.31324 0
2585488.96848 1129738.95445 0
2585529.10439 1129946.80803 0
2585480.81793 1129946.80803 0
2585676.60959 1129915.05803 0
2585677.27105 1129889.26116 0
2585687.11899 1129870.19885 0
2585736.8023 1130335.74553 0
2585685.87001 1130333.76116 0
2585669.99501 1130330.45387 0
2584375.02496 1129908.93954 0
2584351.54319 1129901.33277 0
2584338.31402 1129905.30152 0
2584223.551 1129831.54892 0
2584386.26975 1130007.1661 0
2584267.53798 1129942.34319 0
2583586.56662 1129065.9109 0
2583552.17079 1129062.6036 0
2583431.78537 1129003.07235 0
2583603.9299 1129038.7911 0
2583611.70204 1129162.48381 0
2583456.92079 1129145.94735 0
2583370.93121 1129075.17131 0
2583831.96766 1129014.31715 0
2583901.33811 1129244.91806 0
2584076.62457 1129213.49879 0
2584097.12977 1129213.16806 0
2584138.14019 1129247.23316 0
2584129.2105 1129245.57952 0
2583652.29904 1129087.8217 0
2583848.42144 1129060.53655 0
2587933.74018 1129335.25125 0
2587888.76101 1129328.37208 0
2587834.78601 1129313.02625 0
2587774.46101 1129304.55958 0
2587737.41934 1129278.10125 0
2587683.44434 1129268.57625 0
2588051.21518 1129326.25542 0
