8
5
173
173
11
172
179
172
170
7
177
174
177
8
1
175
171
171
1
5
173
9
2
1
9
2
1
175
173
174
9
9
178
177
4
174
178
170
174
10
176
169
4
7
7
10
180
7
178
180
169
9
169
5
180
172
7
2
178
176
9
3
174
177
174
178
174
7
3
7
170
176
175
171
2
10
175
9
5
2
174
7
175
9
175
175
179
174
180
171
176
9
170
2
175
3
180
180
170
170
170
14
25
20
25
27
15
16
12
24
17
25
18
31
31
15
21
18
12
26
25
22
20
33
19
23
12
31
33
19
26
18
21
19
22
33
19
23
22
16
28
23
31
33
12
19
51
54
48
54
54
43
50
34
55
35
37
49
55
54
54
37
52
45
37
54
55
48
56
35
52
42
43
52
49
45
55
55
54
56
47
54
49
54
46
50
54
40
42
46
41
35
36
45
56
54
54
38
55
50
55
50
36
54
52
34
49
45
56
48
47
52
52
56
45
47
42
49
35
52
51
43
35
48
52
56
36
50
44
56
44
55
38
52
54
49
56
34
49
45
44
54
54
53
41
55
37
55
48
50
56
48
53
51
48
56
42
50
39
49
51
35
46
37
41
50
45
55
59
62
58
77
73
70
63
70
77
78
72
70
58
70
77
62
70
67
74
67
77
77
65
66
68
67
62
72
65
71
72
67
73
71
66
65
71
66
65
74
59
69
57
70
72
60
76
78
60
78
59
69
77
72
78
76
65
64
59
58
77
66
61
64
64
59
69
63
69
58
64
65
59
61
60
72
68
78
73
68
60
62
63
72
68
75
63
73
77
60
59
78
74
67
61
58
72
57
62
57
59
63
74
65
62
78
65
71
64
65
76
63
69
64
62
60
71
59
67
72
74
64
64
76
57
69
60
76
72
69
75
58
70
58
59
78
68
72
59
78
70
60
78
59
71
76
58
76
78
73
67
77
76
59
70
57
61
66
57
63
59
60
67
63
76
58
69
64
74
76
69
68
78
72
63
70
59
72
67
71
78
69
69
69
73
70
65
62
63
65
60
78
59
76
74
64
75
67
75
63
65
60
69
66
59
66
57
58
57
69
70
57
69
78
69
66
67
59
58
57
66
66
58
62
65
62
68
60
71
68
75
63
61
84
79
86
83
98
92
86
95
82
84
92
97
89
91
87
95
100
100
88
84
87
79
82
89
92
90
91
79
99
86
91
94
96
88
83
95
91
79
82
86
82
84
93
83
91
88
86
91
90
97
91
88
86
80
95
84
88
87
93
83
88
89
90
95
99
83
92
95
96
84
94
82
88
101
86
83
81
93
90
97
84
83
86
85
84
85
98
84
81
81
88
95
90
82
92
88
86
100
88
94
80
79
90
96
90
88
95
89
88
87
92
99
101
88
101
83
85
96
85
90
83
89
84
89
81
95
80
88
84
95
79
100
87
90
90
89
90
99
81
84
86
90
82
84
95
101
94
86
95
88
94
85
85
80
84
86
100
101
91
97
88
97
99
82
88
90
86
95
98
79
94
99
97
99
86
95
96
81
79
94
82
97
92
85
87
89
89
101
101
101
95
88
99
87
80
90
91
96
90
93
94
92
89
80
81
92
101
93
90
92
95
90
97
91
89
85
90
87
89
80
99
88
79
101
99
88
93
93
89
83
96
95
97
96
94
100
80
88
99
99
100
100
100
100
114
106
102
120
120
119
104
108
114
103
113
105
109
103
120
115
108
105
114
103
120
109
105
114
113
116
118
117
114
114
123
116
111
120
104
102
111
105
108
114
102
116
110
102
107
105
117
117
116
109
107
116
118
111
102
118
110
106
118
116
115
109
103
115
117
111
111
123
103
112
118
119
104
104
102
118
121
106
112
109
105
110
103
109
114
120
109
102
104
103
105
107
122
108
106
109
123
106
119
117
103
103
113
111
110
110
120
120
120
110
110
110
110
110
110
110
110
110
105
110
110
105
105
105
105
105
105
105
105
110
110
110
120
120
120
112
110
110
110
119
119
110
110
110
110
110
110
110
110
110
110
115
105
105
110
141
146
128
145
140
146
143
142
136
139
140
144
143
133
141
134
140
140
138
143
136
133
139
137
138
141
134
143
135
138
137
130
132
135
137
126
124
139
132
131
144
139
133
128
146
142
141
139
129
143
139
137
139
127
132
134
128
137
130
126
135
134
129
128
145
139
124
141
129
127
132
129
125
128
126
135
125
133
124
126
134
143
138
125
146
131
135
141
135
124
132
140
140
140
135
125
140
135
140
140
140
130
130
130
140
140
140
140
140
140
129
138
145
145
130
130
130
130
130
140
138
138
138
138
135
130
130
130
130
130
130
133
133
130
130
130
130
130
130
135
135
130
130
130
130
130
130
140
130
130
130
130
130
145
147
151
152
151
162
154
147
160
162
167
161
162
148
160
160
150
150
153
147
147
155
147
150
154
149
149
168
147
148
161
153
155
158
156
153
154
153
157
151
167
154
166
165
162
165
165
163
159
164
149
157
155
157
154
147
163
166
155
163
164
166
151
154
163
160
151
162
167
162
156
152
163
154
163
166
165
160
147
147
147
147
147
150
150
155
160
160
155
165
165
152
152
152
152
152
152
152
150
150
155
155